8.250414 	 2.522564 	 -5.857613 	 -0.987063 	 -0.455239 	 -0.328099 	 -2.610037 	 0.644592 
8.373418 	 3.114093 	 -4.740966 	 -0.143292 	 0.647898 	 -0.609384 	 -2.575030 	 0.405827 
-58.857755 	 26.711108 	 -62.418008 	 -0.328491 	 0.157881 	 -0.405896 	 -0.047750 	 0.148792 
7.276812 	 1.287773 	 -3.875242 	 0.122287 	 -0.040208 	 -0.145272 	 -1.308798 	 0.018837 
-178.369597 	 112.032098 	 -108.908769 	 -1.307869 	 0.885860 	 -0.742637 	 -0.039812 	 1.523390 
7.050868 	 2.566259 	 -4.850702 	 0.575352 	 -0.477490 	 0.235303 	 -2.584871 	 0.307197 
12.251271 	 -48.058797 	 40.754302 	 0.082896 	 -0.255250 	 0.189977 	 -0.058416 	 0.054058 
8.851926 	 2.662675 	 -4.781983 	 -0.762542 	 0.032802 	 0.165414 	 -2.056035 	 0.304954 
-0.978056 	 3.424118 	 -9.320127 	 -0.472137 	 0.003097 	 -0.151270 	 -0.360653 	 0.122903 
9.545973 	 4.958184 	 -8.909066 	 -0.051196 	 0.594147 	 -0.293459 	 -0.766083 	 0.220875 
-164.416318 	 -73.960806 	 -8.735547 	 -1.178737 	 -0.513552 	 -0.069328 	 -0.025061 	 0.828981 
7.764178 	 2.183815 	 -5.940874 	 -0.474559 	 1.637049 	 1.159914 	 -2.484281 	 2.125269 
-201.660299 	 -1.305252 	 -32.137990 	 -1.432696 	 -0.015382 	 -0.243140 	 -0.022826 	 1.055985 
7.104858 	 3.012185 	 -4.299429 	 -0.196356 	 -0.282759 	 0.810346 	 -2.111336 	 0.387585 
71.548436 	 47.422190 	 121.345567 	 0.496430 	 0.328350 	 0.836018 	 -0.029344 	 0.526592 
8.506255 	 3.730932 	 -5.564659 	 -0.576724 	 -0.002698 	 -0.252181 	 -2.384288 	 0.198106 
7.281639 	 3.083670 	 -5.421516 	 -0.724057 	 1.086451 	 -0.701017 	 -3.580153 	 1.098030 
7.853286 	 2.098246 	 -5.158576 	 -0.623167 	 -0.344197 	 0.359557 	 -2.450196 	 0.318045 
10.631324 	 -3.757279 	 -6.951621 	 -0.070389 	 0.103756 	 0.032115 	 -0.448101 	 0.008376 
12.638669 	 4.160911 	 -3.659007 	 0.508882 	 0.204507 	 0.353471 	 -0.628092 	 0.212863 
7.036593 	 2.360629 	 -5.897391 	 -1.000797 	 -0.117534 	 -0.169250 	 -2.363061 	 0.522027 
7.368189 	 2.900294 	 -5.024181 	 -0.033299 	 -0.151954 	 1.004776 	 -3.470855 	 0.516887 
10.375705 	 -162.008028 	 29.382608 	 0.072375 	 -1.135481 	 0.200717 	 -0.027197 	 0.667421 
7.152684 	 2.606253 	 -4.882479 	 0.027474 	 -0.351906 	 -0.481213 	 -2.796252 	 0.178079 
7.366342 	 3.154624 	 -5.217565 	 -0.119496 	 -1.392389 	 -1.802094 	 -3.631482 	 2.600284 
-118.664527 	 -29.693701 	 -81.297752 	 -0.814710 	 -0.180777 	 -0.551977 	 -0.039391 	 0.500555 
8.647932 	 7.052415 	 -0.897273 	 0.177712 	 0.237204 	 0.030386 	 -0.555923 	 0.044385 
9.193299 	 3.236025 	 -4.266690 	 0.304965 	 0.422468 	 -0.127073 	 -1.588753 	 0.143815 
7.549877 	 2.716295 	 -5.992293 	 -0.324888 	 0.647838 	 -0.212854 	 -3.078281 	 0.285277 
7.655643 	 3.028478 	 -5.751252 	 -0.058058 	 0.414823 	 0.103906 	 -3.735480 	 0.093123 
8.036293 	 3.040618 	 -5.658478 	 -0.325075 	 0.890187 	 -0.162139 	 -3.640518 	 0.462198 
6.755436 	 2.857465 	 -5.793685 	 -0.245595 	 0.208236 	 -0.205936 	 -2.454888 	 0.073044 
8.977923 	 3.711342 	 -4.388552 	 0.976776 	 0.227038 	 0.353859 	 -1.681735 	 0.565426 
9.639441 	 5.125050 	 -2.779625 	 -0.090402 	 0.446147 	 -0.503614 	 -0.843188 	 0.230424 
6.428906 	 2.802952 	 -4.856557 	 0.997705 	 -0.741531 	 0.435865 	 -1.966053 	 0.867631 
-30.849510 	 -276.581175 	 -58.187856 	 -0.223826 	 -2.017079 	 -0.422949 	 -0.015866 	 2.148796 
7.695023 	 2.855619 	 -5.441861 	 -1.499745 	 -0.998938 	 0.108128 	 -3.940548 	 1.629402 
39.774092 	 144.245234 	 60.987770 	 0.285396 	 1.007163 	 0.423779 	 -0.026990 	 0.637708 
7.426202 	 3.167306 	 -6.035371 	 0.781680 	 -0.593477 	 0.603534 	 -3.093262 	 0.663746 
-37.027173 	 61.429691 	 116.223741 	 -0.241387 	 0.426519 	 0.797883 	 -0.030730 	 0.438401 
6.926083 	 5.169916 	 -5.823421 	 0.299843 	 0.567863 	 -0.273641 	 -1.302131 	 0.243627 
7.555282 	 2.701495 	 -4.726209 	 1.269541 	 -0.115768 	 -0.648778 	 -3.043173 	 1.023024 
-4.418518 	 -101.351330 	 -5.810019 	 -0.015680 	 -0.652939 	 -0.032945 	 -0.039988 	 0.213830 
16.588850 	 9.490512 	 -9.221834 	 -0.121306 	 -0.072222 	 -0.018138 	 -0.300340 	 0.010130 
-0.648861 	 -213.975855 	 62.087082 	 -0.000201 	 -1.539831 	 0.446333 	 -0.020443 	 1.285146 
7.406424 	 2.967451 	 -5.214445 	 -0.069224 	 0.242511 	 -0.003821 	 -3.724508 	 0.031809 
6.381641 	 2.388692 	 -6.214969 	 0.090633 	 0.135931 	 -0.618295 	 -1.719880 	 0.204490 
-1.118565 	 -7.084661 	 -0.019165 	 0.135707 	 0.057616 	 0.003416 	 -0.242563 	 0.010874 
8.066998 	 3.322250 	 -5.313213 	 0.719502 	 -0.886249 	 0.244956 	 -3.575863 	 0.681562 
7.691463 	 2.545851 	 -5.214282 	 -0.418701 	 1.124423 	 -0.103462 	 -3.410793 	 0.725171 
8.302657 	 2.713911 	 -4.949221 	 -0.333316 	 -0.934492 	 0.904380 	 -2.763908 	 0.901139 
9.071444 	 2.981225 	 -5.502072 	 1.101737 	 0.138463 	 -0.622042 	 -2.027416 	 0.809966 
7.257068 	 3.117437 	 -6.023998 	 -0.448698 	 1.277005 	 -0.097076 	 -2.946052 	 0.920748 
7.904877 	 3.572349 	 -4.977912 	 0.104421 	 -0.313176 	 -0.338939 	 -2.964839 	 0.111931 
7.916124 	 3.216225 	 -4.987119 	 0.875920 	 0.807896 	 0.685983 	 -3.587970 	 0.945252 
-117.391184 	 28.182475 	 14.986943 	 -0.812544 	 0.200391 	 0.121819 	 -0.049860 	 0.357612 
7.202751 	 10.209934 	 -6.038699 	 0.051398 	 -0.506435 	 -0.044187 	 -0.472070 	 0.130535 
15.481758 	 -4.979278 	 -5.647481 	 -0.040014 	 0.088897 	 -0.132719 	 -0.309690 	 0.013559 
8.236145 	 3.271626 	 -4.780748 	 0.173560 	 -0.201835 	 1.403788 	 -2.753491 	 1.020741 
7.901149 	 3.022424 	 -4.905398 	 0.016660 	 1.422182 	 1.348619 	 -3.329545 	 1.920826 
-60.571039 	 -124.348024 	 147.955258 	 -0.430943 	 -0.900199 	 1.069390 	 -0.021657 	 1.069832 
7.064070 	 3.264598 	 -3.804561 	 0.089409 	 -0.528531 	 0.048644 	 -1.652473 	 0.144853 
0.747146 	 8.543316 	 -17.079851 	 -0.090512 	 0.090693 	 -0.344217 	 -0.240882 	 0.067451 
9.632425 	 1.346741 	 -5.843975 	 0.097158 	 -0.035707 	 0.279337 	 -1.175997 	 0.044372 
92.243771 	 33.342863 	 -67.097604 	 0.604961 	 0.205778 	 -0.435043 	 -0.038009 	 0.298792 
7.157441 	 2.800702 	 -5.982873 	 -0.347687 	 -0.875258 	 0.445518 	 -2.815701 	 0.542725 
105.365591 	 -43.711892 	 1.646619 	 0.681055 	 -0.290839 	 0.006316 	 -0.038562 	 0.274232 
43.018124 	 -36.127497 	 59.787470 	 0.268527 	 -0.206034 	 0.339200 	 -0.048700 	 0.114807 
7.406435 	 3.043625 	 -5.691652 	 0.843270 	 -0.466182 	 -0.163147 	 -3.605205 	 0.477524 
92.277775 	 -27.941318 	 25.289716 	 0.585301 	 -0.182496 	 0.145315 	 -0.043786 	 0.198500 
7.362069 	 2.413483 	 -4.916502 	 0.516161 	 -0.149004 	 -0.641267 	 -2.812862 	 0.349924 
7.528568 	 2.804847 	 -6.085620 	 1.049187 	 1.625718 	 0.363258 	 -3.033174 	 1.937855 
-4.529637 	 -164.653507 	 26.236299 	 -0.027339 	 -1.156681 	 0.187867 	 -0.026888 	 0.686976 
7.433648 	 4.587325 	 -6.901919 	 0.254099 	 -0.631130 	 0.145171 	 -1.447608 	 0.241983 
7.585435 	 2.974720 	 -5.520058 	 -0.327897 	 0.007365 	 -0.602791 	 -4.004283 	 0.235464 
8.044584 	 2.677725 	 -4.743068 	 -0.052220 	 0.004615 	 -1.835465 	 -2.807271 	 1.685839 
8.568239 	 3.194467 	 -5.218327 	 -0.367953 	 1.143003 	 0.716669 	 -2.681930 	 0.977729 
6.998562 	 3.860308 	 -6.751202 	 0.550636 	 0.125995 	 0.510726 	 -1.697471 	 0.289958 
7.340978 	 2.813030 	 -6.552288 	 -1.545672 	 -0.014160 	 -0.250039 	 -2.210241 	 1.225911 
-173.809563 	 -47.293183 	 -81.156271 	 -1.241506 	 -0.323379 	 -0.584035 	 -0.023164 	 0.993504 
-175.349075 	 -1.230431 	 -103.885443 	 -1.247144 	 -0.015452 	 -0.753281 	 -0.022743 	 1.061520 
4.766027 	 1.769826 	 -2.209022 	 0.170662 	 0.072628 	 -0.681101 	 -0.733318 	 0.249150 
8.243373 	 3.462765 	 -7.288976 	 0.123530 	 -0.098617 	 -0.890213 	 -1.515259 	 0.408732 
7.959184 	 3.281447 	 -5.597637 	 0.520555 	 -0.668727 	 0.756654 	 -3.673927 	 0.645349 
7.455122 	 2.006526 	 -4.759237 	 1.145057 	 0.653969 	 -0.490774 	 -2.159571 	 0.989846 
7.352814 	 3.445136 	 -6.703410 	 -0.774101 	 0.499550 	 0.043368 	 -2.002617 	 0.425331 
-99.869821 	 -13.533117 	 -70.901433 	 -0.649102 	 -0.081352 	 -0.481099 	 -0.037095 	 0.329704 
7.502907 	 5.501927 	 -4.451253 	 -0.159425 	 0.685610 	 -0.083517 	 -1.157547 	 0.251226 
7.685952 	 3.212282 	 -5.576882 	 -0.302392 	 1.459745 	 -1.216183 	 -3.840593 	 1.850699 
7.898053 	 -6.401875 	 11.805089 	 -0.042761 	 0.036529 	 0.003749 	 -0.182643 	 0.001588 
-189.844070 	 -89.616695 	 13.821958 	 -1.375406 	 -0.657115 	 0.080402 	 -0.023013 	 1.165003 
8.360325 	 3.386538 	 -5.392844 	 -1.042918 	 -0.015037 	 -0.927028 	 -2.911798 	 0.973642 
9.667839 	 2.807920 	 -5.543112 	 -0.175543 	 0.667812 	 0.131860 	 -1.526438 	 0.247087 
-72.568710 	 -0.686821 	 -65.301530 	 -0.439516 	 -0.000493 	 -0.449876 	 -0.042858 	 0.197782 
8.040543 	 2.693754 	 -5.064248 	 0.690806 	 0.088496 	 0.343913 	 -3.213044 	 0.301660 
7.276255 	 2.053890 	 -5.576914 	 0.815440 	 -0.136357 	 -0.015502 	 -2.349145 	 0.341888 
143.312676 	 13.645149 	 6.878120 	 0.979446 	 0.107541 	 0.046189 	 -0.031338 	 0.486506 
9.739010 	 5.053185 	 -6.699815 	 0.423532 	 0.037653 	 0.016369 	 -1.021064 	 0.090533 
7.892728 	 3.541857 	 -4.519777 	 -0.527265 	 -0.132765 	 -0.490405 	 -2.419645 	 0.268066 
6.958051 	 0.904164 	 -5.446573 	 0.231176 	 -0.178570 	 -0.703072 	 -1.333161 	 0.289820 
8.266642 	 2.264605 	 -5.730965 	 0.428939 	 -0.733508 	 0.507329 	 -2.401329 	 0.489703 
5.726701 	 2.240524 	 0.349438 	 0.173440 	 -0.039980 	 0.120311 	 -0.547791 	 0.023077 
-82.453589 	 -14.510232 	 -58.425957 	 -0.532130 	 -0.084348 	 -0.386338 	 -0.040651 	 0.219767 
-20.730828 	 121.562467 	 -107.985985 	 -0.142658 	 0.849067 	 -0.759723 	 -0.026724 	 0.659223 
7.613520 	 3.827465 	 -5.219625 	 -0.784406 	 -0.037013 	 1.000343 	 -2.685258 	 0.808675 
7.911338 	 4.865106 	 -3.440093 	 0.484185 	 -0.381142 	 0.214291 	 -1.157811 	 0.212813 
8.062556 	 3.029497 	 -5.302468 	 0.501702 	 0.776823 	 0.107515 	 -3.668773 	 0.433359 
33.999380 	 61.117175 	 108.558630 	 0.230132 	 0.412891 	 0.733582 	 -0.033006 	 0.380791 
8.300826 	 3.777047 	 -5.095239 	 0.337657 	 0.527997 	 -0.948189 	 -2.604119 	 0.645928 
7.837733 	 2.536688 	 -4.803843 	 0.946985 	 0.228597 	 0.781305 	 -2.863920 	 0.779737 
9.395657 	 3.781378 	 -9.565241 	 -0.142237 	 -0.302826 	 0.165316 	 -0.737558 	 0.069632 
7.302928 	 3.175989 	 -5.433567 	 -1.042222 	 0.067469 	 0.178259 	 -3.587515 	 0.561278 
-28.014914 	 -221.055785 	 22.030129 	 -0.193904 	 -1.590548 	 0.149879 	 -0.020647 	 1.294952 
7.789156 	 3.713419 	 -6.444845 	 -0.009051 	 0.021505 	 0.024201 	 -2.163237 	 0.000565 
7.737125 	 3.395879 	 -5.303993 	 0.231418 	 -0.485180 	 -0.773458 	 -3.632001 	 0.443596 
8.227711 	 2.257558 	 -5.485070 	 -0.057939 	 0.535548 	 -0.945491 	 -2.473840 	 0.592061 
-17.270956 	 18.905651 	 39.960858 	 -0.043195 	 0.071796 	 0.133187 	 -0.071310 	 0.012380 
7.426810 	 3.083135 	 -6.019567 	 -0.567850 	 0.416855 	 0.960011 	 -3.160374 	 0.708921 
7.451340 	 3.105162 	 -4.919660 	 0.733437 	 0.409852 	 0.776465 	 -3.317840 	 0.654404 
-122.830730 	 -17.310720 	 -102.299769 	 -0.852826 	 -0.118276 	 -0.721595 	 -0.028464 	 0.631000 
7.986724 	 3.149177 	 -5.445349 	 0.449183 	 -1.175115 	 -1.615896 	 -3.812886 	 2.096891 
6.488696 	 2.724057 	 -5.607928 	 0.164988 	 0.653604 	 -0.035584 	 -2.151590 	 0.227843 
7.781819 	 3.080186 	 -5.476284 	 -0.257755 	 -1.169101 	 0.479300 	 -4.113277 	 0.831482 
17.533975 	 53.565249 	 23.091268 	 0.083992 	 0.238394 	 0.087901 	 -0.066239 	 0.035806 
-26.021440 	 134.917481 	 38.616965 	 -0.174004 	 0.931337 	 0.263592 	 -0.029790 	 0.483573 
8.452556 	 3.297858 	 -5.738503 	 0.043093 	 0.468544 	 0.139377 	 -2.718989 	 0.120408 
7.717015 	 3.704960 	 -2.931326 	 0.349192 	 -0.235613 	 -0.104875 	 -1.210520 	 0.094224 
-1.372748 	 1.253304 	 -13.999123 	 0.361634 	 -0.032498 	 0.195690 	 -0.288752 	 0.085065 
9.273869 	 3.561601 	 -5.052098 	 0.773999 	 0.613809 	 0.267612 	 -1.735869 	 0.523726 
2.925904 	 5.522522 	 -0.821082 	 -0.047233 	 0.194124 	 0.257765 	 -0.479518 	 0.053179 
7.140872 	 3.300668 	 -6.587611 	 0.699718 	 -0.215161 	 0.502183 	 -2.070438 	 0.394044 
8.383231 	 3.750010 	 -5.082007 	 -0.759726 	 -0.576000 	 -0.133082 	 -2.513405 	 0.463335 
6.763861 	 2.728550 	 -6.068014 	 0.124532 	 0.146319 	 0.250769 	 -2.222538 	 0.049901 
7.548693 	 2.876769 	 -3.966430 	 -0.182022 	 -0.793538 	 0.574439 	 -1.930892 	 0.496408 
8.226342 	 4.005369 	 -6.223419 	 0.511828 	 0.041085 	 -0.066623 	 -1.994046 	 0.134047 
7.702051 	 3.173094 	 -5.389601 	 -0.130241 	 0.524548 	 -0.592094 	 -4.044193 	 0.321344 
-7.544064 	 29.432448 	 165.018118 	 -0.061866 	 0.212657 	 1.161488 	 -0.026039 	 0.699053 
3.597481 	 3.223706 	 -3.118636 	 -0.697240 	 -0.128100 	 0.614933 	 -0.701575 	 0.440348 
7.851526 	 1.060437 	 -5.349264 	 -0.878055 	 0.397312 	 0.154557 	 -1.494929 	 0.476363 
6.824476 	 2.151429 	 -5.556588 	 -0.314600 	 -1.051920 	 0.224580 	 -2.107770 	 0.627972 
7.235978 	 3.128917 	 -4.646633 	 1.348199 	 -0.861336 	 -0.159765 	 -2.606281 	 1.292532 
7.253950 	 3.108727 	 -6.161100 	 -0.705143 	 0.775723 	 -0.379738 	 -2.734416 	 0.621587 
4.897159 	 3.171542 	 -4.492367 	 -0.167267 	 0.016415 	 0.256746 	 -1.066065 	 0.047083 
-151.441238 	 51.042482 	 -84.925383 	 -1.059012 	 0.365106 	 -0.639517 	 -0.030320 	 0.831895 
8.268774 	 3.362109 	 -5.523053 	 -0.396072 	 -0.186911 	 0.159230 	 -3.058346 	 0.108581 
6.907863 	 3.812266 	 -5.386693 	 0.472209 	 -1.015247 	 -0.038117 	 -2.287391 	 0.627580 
7.635205 	 2.958759 	 -5.123553 	 0.934435 	 -0.166516 	 -0.243002 	 -3.844501 	 0.479973 
-15.834089 	 -50.501706 	 8.744252 	 -0.054197 	 -0.223730 	 0.024220 	 -0.065526 	 0.026790 
5.992759 	 3.606677 	 -6.095759 	 -0.767991 	 -0.018236 	 -0.028507 	 -1.545269 	 0.295478 
7.478410 	 3.232477 	 -5.038600 	 -0.295810 	 -0.122060 	 0.074474 	 -3.431604 	 0.053974 
70.064210 	 78.900076 	 -173.120180 	 0.507654 	 0.561012 	 -1.243357 	 -0.021989 	 1.059192 
19.337003 	 208.301139 	 -81.127627 	 0.143931 	 1.504917 	 -0.590447 	 -0.019952 	 1.317060 
-58.247341 	 28.535520 	 -63.822038 	 -0.359503 	 0.167471 	 -0.391786 	 -0.047241 	 0.155393 
-32.440944 	 19.935020 	 -12.315202 	 -0.036501 	 0.036965 	 -0.041411 	 -0.086004 	 0.002207 
6.263119 	 2.504933 	 -4.918088 	 -0.204136 	 -0.035437 	 0.340097 	 -1.853554 	 0.079297 
7.928607 	 2.849410 	 -5.377747 	 -0.609380 	 1.241075 	 -1.096632 	 -3.685891 	 1.557106 
8.548375 	 3.066862 	 -5.036982 	 -0.039547 	 -0.254641 	 -0.779025 	 -2.624337 	 0.336643 
-23.318227 	 -146.064521 	 147.411325 	 -0.162610 	 -1.055387 	 1.061180 	 -0.021305 	 1.133193 
7.291187 	 3.278168 	 -4.270167 	 -0.041471 	 -0.036831 	 -0.829628 	 -2.129482 	 0.345680 
-117.626747 	 -62.569725 	 -10.127890 	 -0.810048 	 -0.429227 	 -0.084767 	 -0.031157 	 0.423799 
6.515258 	 2.881116 	 -5.172383 	 0.263822 	 0.485890 	 -0.696820 	 -2.194945 	 0.395625 
7.210918 	 2.521316 	 -5.191158 	 -0.703868 	 0.339141 	 -0.495285 	 -2.986729 	 0.427877 
8.008473 	 3.160083 	 -4.815025 	 0.119679 	 0.364826 	 1.364671 	 -3.065283 	 1.004875 
7.994893 	 2.510658 	 -6.911808 	 0.620297 	 -0.322027 	 -0.145410 	 -1.795508 	 0.254807 
7.562653 	 3.636934 	 -4.022810 	 0.895635 	 -0.070245 	 0.265116 	 -1.840481 	 0.438692 
7.865693 	 2.728772 	 -5.961348 	 -0.607922 	 -2.125206 	 -0.076609 	 -3.064383 	 2.445969 
7.870661 	 3.175555 	 -6.087411 	 0.477514 	 -0.546591 	 -1.000770 	 -2.965670 	 0.764162 
93.840001 	 17.202140 	 17.021662 	 0.578536 	 0.119239 	 0.106594 	 -0.048184 	 0.180142 
7.584002 	 2.817982 	 -5.365419 	 0.002571 	 1.030605 	 0.175511 	 -3.817349 	 0.546478 
7.559413 	 2.026487 	 -5.399002 	 -0.069767 	 0.908937 	 -0.514763 	 -2.438625 	 0.548008 
8.212822 	 2.123914 	 -5.827137 	 0.310619 	 0.538015 	 0.351318 	 -2.268076 	 0.254684 
7.708820 	 3.270740 	 -4.780382 	 -0.246410 	 0.947579 	 0.101523 	 -3.006168 	 0.484465 
7.521277 	 2.894900 	 -4.227016 	 1.112271 	 -0.188620 	 -0.570112 	 -2.221585 	 0.798876 
7.474948 	 4.382850 	 -4.300537 	 0.080112 	 -0.272471 	 -0.125675 	 -1.634151 	 0.048226 
7.621066 	 3.026501 	 -5.045753 	 0.583022 	 -0.461621 	 0.550741 	 -3.694696 	 0.428162 
8.004088 	 3.103506 	 -5.686390 	 0.304726 	 -1.431323 	 1.084625 	 -3.611124 	 1.658977 
10.754134 	 3.338210 	 -6.806265 	 0.145334 	 -0.193654 	 -0.572702 	 -0.966584 	 0.193306 
9.271136 	 3.196991 	 -2.712770 	 0.283131 	 -0.024213 	 0.170080 	 -1.023706 	 0.054838 
6.159404 	 0.410452 	 -6.991099 	 0.467239 	 0.178984 	 -0.188247 	 -0.927612 	 0.142892 
7.955222 	 2.211919 	 -8.416864 	 0.297019 	 0.274023 	 -0.159164 	 -1.022115 	 0.094321 
8.243492 	 1.895745 	 -6.606186 	 0.217759 	 0.708392 	 1.225077 	 -1.713594 	 1.025026 
7.932318 	 3.507359 	 -5.492081 	 0.919651 	 0.081627 	 0.105590 	 -3.335255 	 0.431785 
8.276170 	 1.078963 	 -3.757416 	 0.662769 	 0.206144 	 -0.275092 	 -1.195551 	 0.278717 
8.562858 	 3.613491 	 -4.782522 	 -0.262201 	 -0.540318 	 -0.429129 	 -2.228207 	 0.272422 
7.699082 	 3.122180 	 -5.545339 	 -0.174355 	 1.833579 	 -0.349946 	 -4.004913 	 1.757436 
7.532022 	 3.355785 	 -5.717425 	 -0.871104 	 1.151070 	 -0.498993 	 -3.411203 	 1.166389 
8.030259 	 3.251922 	 -5.643053 	 1.090063 	 -0.224832 	 -0.137858 	 -3.531433 	 0.628896 
7.588812 	 3.216139 	 -5.299949 	 0.903033 	 0.910649 	 -0.277093 	 -3.964150 	 0.860765 
7.613983 	 2.742637 	 -6.131590 	 0.601982 	 0.318918 	 -0.844838 	 -2.928485 	 0.588922 
-2.001743 	 -4.974886 	 -12.967797 	 0.177085 	 0.101770 	 0.060191 	 -0.239733 	 0.022669 
8.026534 	 3.686663 	 -5.443800 	 -0.008975 	 0.030299 	 0.677470 	 -2.952580 	 0.229982 
6.509718 	 4.762000 	 -8.065987 	 0.542887 	 -0.314166 	 0.475574 	 -0.972940 	 0.309799 
8.671940 	 3.796714 	 -5.605841 	 0.322451 	 0.959510 	 -0.544045 	 -2.152733 	 0.660309 
8.277052 	 2.971015 	 -4.440253 	 -0.219836 	 0.205220 	 -0.188084 	 -2.299761 	 0.062909 
10.147876 	 -12.186912 	 -8.493998 	 0.042350 	 -0.167915 	 -0.028225 	 -0.224321 	 0.015393 
23.630387 	 4.889017 	 -24.532139 	 0.137103 	 0.091467 	 -0.089413 	 -0.144932 	 0.017579 
7.999526 	 3.559985 	 -4.690318 	 0.804456 	 -0.868565 	 0.749143 	 -2.613520 	 0.981385 
8.489162 	 6.920055 	 -5.746245 	 -0.123668 	 -0.856564 	 0.516201 	 -0.820883 	 0.507730 
8.227435 	 2.810729 	 -6.247062 	 -0.689471 	 0.285755 	 0.378230 	 -2.507779 	 0.350042 
-211.862402 	 -39.710485 	 -45.944007 	 -1.533268 	 -0.283257 	 -0.337989 	 -0.021415 	 1.272691 
2.155758 	 5.324649 	 -6.509397 	 -0.019122 	 0.114463 	 -0.410335 	 -0.547384 	 0.090921 
8.022790 	 4.788546 	 -5.554217 	 -0.090642 	 -0.065077 	 -0.002211 	 -1.610171 	 0.006228 
8.118020 	 2.662585 	 -5.411322 	 1.067825 	 -0.167689 	 1.519812 	 -3.150162 	 1.739098 
8.233376 	 3.017423 	 -5.131117 	 0.054959 	 -0.220410 	 -0.071552 	 -3.265316 	 0.028360 
7.868498 	 2.905080 	 -5.167515 	 -0.256381 	 -1.277925 	 0.886070 	 -3.734116 	 1.241972 
8.001892 	 4.428890 	 -5.920100 	 0.178514 	 -0.352884 	 -0.356924 	 -1.840231 	 0.141895 
7.789976 	 2.850148 	 -4.922442 	 -1.103675 	 -1.032237 	 -0.083882 	 -3.385902 	 1.145324 
6.983468 	 3.329956 	 -5.369571 	 -0.547222 	 -0.160991 	 -0.068909 	 -2.858719 	 0.165059 
7.348085 	 2.195204 	 -4.756629 	 0.218614 	 -1.088204 	 -0.734273 	 -2.333577 	 0.885568 
8.207189 	 2.605347 	 -4.957171 	 0.552331 	 0.085734 	 -0.674610 	 -2.803143 	 0.383760 
-75.570353 	 -59.741113 	 201.035384 	 -0.544232 	 -0.430391 	 1.450717 	 -0.019678 	 1.293002 
8.431961 	 2.868645 	 -6.323064 	 -0.535458 	 -0.280127 	 -0.353713 	 -2.304745 	 0.245149 
7.925717 	 3.221696 	 -5.005038 	 -0.642272 	 -0.643897 	 -0.472500 	 -3.615726 	 0.525186 
0.592911 	 2.615538 	 -2.679361 	 -0.198418 	 0.222768 	 -0.010615 	 -0.445939 	 0.044554 
-1.270028 	 1.506457 	 -14.241477 	 0.380215 	 -0.007522 	 0.157135 	 -0.287543 	 0.084656 
5.512634 	 3.624373 	 -5.294963 	 -0.792248 	 -0.023800 	 0.434927 	 -1.337459 	 0.408692 
8.562126 	 0.981901 	 -2.551554 	 -0.098290 	 -0.006127 	 -0.365197 	 -0.896286 	 0.071534 
7.806274 	 2.638809 	 -4.686542 	 0.230875 	 1.655587 	 -0.666893 	 -2.848923 	 1.619509 
6.897321 	 3.835911 	 -5.971530 	 -0.289322 	 0.441059 	 -0.968538 	 -2.118175 	 0.608153 
17.781948 	 -74.388075 	 45.371902 	 0.166376 	 -0.429356 	 0.254309 	 -0.053856 	 0.138350 
7.904930 	 3.645751 	 -5.725551 	 -0.675550 	 -1.245494 	 -0.957219 	 -3.119796 	 1.461945 
8.000073 	 3.020349 	 -5.669314 	 -0.763711 	 0.205704 	 -0.278944 	 -3.666713 	 0.351689 
7.723798 	 3.019004 	 -5.477883 	 0.772955 	 -0.703247 	 -0.111377 	 -4.128589 	 0.552210 
7.710471 	 2.671482 	 -5.209442 	 -0.181492 	 -0.880139 	 -0.325535 	 -3.581566 	 0.456778 
7.681658 	 3.721342 	 -4.866958 	 -0.170774 	 -0.570701 	 -0.674840 	 -2.613589 	 0.405136 
41.474296 	 69.276333 	 -49.169841 	 0.260628 	 0.418403 	 -0.294573 	 -0.046381 	 0.164881 
16.874006 	 2.834442 	 -9.025760 	 -0.546884 	 0.198982 	 0.057904 	 -0.349909 	 0.171014 
7.304251 	 2.578152 	 -5.509361 	 -0.165134 	 -0.603210 	 -1.321246 	 -3.133168 	 1.068412 
7.807562 	 2.143980 	 -3.819432 	 -0.960873 	 0.027742 	 -0.791390 	 -1.619746 	 0.775172 
-23.835398 	 97.801630 	 159.094925 	 -0.165418 	 0.692715 	 1.137375 	 -0.023857 	 0.900420 
8.229050 	 1.977946 	 -6.568679 	 -0.559781 	 -0.236283 	 -0.022292 	 -1.778542 	 0.184841 
7.494070 	 3.422065 	 -6.479964 	 0.237463 	 0.123436 	 0.996367 	 -2.281918 	 0.532186 
-143.722373 	 43.067472 	 -78.183180 	 -1.010952 	 0.320369 	 -0.559482 	 -0.027054 	 0.718840 
6.835089 	 2.952797 	 -7.179960 	 -0.504723 	 -0.483389 	 0.510966 	 -1.522667 	 0.374748 
7.004669 	 3.054446 	 -5.425607 	 -0.034794 	 0.496545 	 -1.200637 	 -3.073797 	 0.844648 
7.978326 	 2.964097 	 -6.462094 	 1.722823 	 0.517388 	 -0.573789 	 -2.369348 	 1.782521 
-127.379516 	 -6.475476 	 -106.461625 	 -0.895898 	 -0.043655 	 -0.738726 	 -0.027708 	 0.675128 
5.595671 	 2.109629 	 -3.093179 	 0.653546 	 0.200960 	 -0.816947 	 -0.977163 	 0.567454 
7.409169 	 -0.636154 	 -7.845337 	 0.622517 	 0.199292 	 0.162981 	 -0.734438 	 0.226904 
8.095025 	 2.882188 	 -5.556206 	 -0.668918 	 -1.324878 	 -0.368164 	 -3.433388 	 1.169149 
12.533618 	 31.310734 	 62.978438 	 0.115812 	 0.196124 	 0.333242 	 -0.057276 	 0.081464 
7.605606 	 3.019035 	 -5.430478 	 0.429551 	 1.135095 	 1.450281 	 -4.066271 	 1.788135 
9.551861 	 2.596819 	 -6.596537 	 -0.176356 	 0.785560 	 0.242090 	 -1.366443 	 0.353407 
7.695945 	 3.278907 	 -5.739694 	 0.193260 	 -0.872411 	 -0.891306 	 -3.559243 	 0.796439 
9.112987 	 1.600940 	 -3.445704 	 0.256348 	 0.376902 	 0.481376 	 -1.122689 	 0.219746 
8.903059 	 2.899844 	 -5.539119 	 -0.613960 	 0.775948 	 -0.544218 	 -2.209433 	 0.637607 
7.223727 	 2.939368 	 -3.779728 	 -0.277572 	 0.287476 	 0.797083 	 -1.700682 	 0.397515 
8.235548 	 2.406001 	 -5.249980 	 -0.777097 	 0.910662 	 -0.440619 	 -2.656576 	 0.813666 
9.029216 	 3.380560 	 -5.444438 	 -0.548304 	 0.652313 	 -1.028905 	 -2.046498 	 0.892398 
7.089795 	 2.888204 	 -5.985807 	 -0.020418 	 -0.599127 	 0.494104 	 -2.767383 	 0.301754 
6.819909 	 2.044126 	 -5.093888 	 -0.217370 	 -0.411497 	 -0.487880 	 -1.992723 	 0.227303 
3.565285 	 7.931486 	 -7.906281 	 -0.140433 	 0.217469 	 -0.120257 	 -0.490971 	 0.040738 
9.299467 	 2.642253 	 -5.674409 	 0.188701 	 -0.453492 	 -1.115052 	 -1.726645 	 0.742302 
-29.055709 	 -192.000471 	 118.606463 	 -0.203978 	 -1.385771 	 0.847991 	 -0.019853 	 1.340529 
11.762735 	 4.820242 	 -6.948283 	 -0.417197 	 -0.194271 	 -0.018930 	 -0.713270 	 0.106076 
-69.255103 	 -42.821326 	 -21.478800 	 -0.412495 	 -0.259436 	 -0.161031 	 -0.045219 	 0.131695 
5.995243 	 5.573750 	 -3.077325 	 0.168487 	 0.183993 	 -0.076759 	 -0.842795 	 0.034067 
8.460773 	 3.502775 	 -8.176378 	 -0.000832 	 -0.572780 	 0.094072 	 -1.104550 	 0.168463 
7.617611 	 2.786458 	 -5.592979 	 0.330754 	 -0.769983 	 -1.300309 	 -3.718114 	 1.196537 
-21.578532 	 -2.645023 	 4.375553 	 -0.393738 	 -0.096456 	 0.110949 	 -0.117290 	 0.088322 
8.126004 	 3.642047 	 -5.310424 	 -0.877054 	 0.149380 	 -0.741752 	 -2.923266 	 0.670867 
7.306848 	 3.236667 	 -5.675986 	 0.617959 	 0.346349 	 0.520364 	 -3.389757 	 0.386305 
7.637841 	 3.128227 	 -4.178382 	 -0.296043 	 0.563442 	 0.578089 	 -2.167400 	 0.369648 
10.976869 	 2.376603 	 -3.432687 	 0.113420 	 0.319421 	 0.049578 	 -0.838534 	 0.058676 
7.036950 	 3.177980 	 -5.292335 	 0.894748 	 -0.374541 	 -0.283559 	 -3.060447 	 0.510630 
7.625873 	 2.730456 	 -5.646287 	 0.454928 	 -1.176801 	 1.342450 	 -3.601888 	 1.696996 
-29.776892 	 -170.325385 	 116.850932 	 -0.208599 	 -1.223500 	 0.840811 	 -0.021511 	 1.123714 
6.347632 	 4.439954 	 -2.691503 	 0.006215 	 -0.102021 	 0.066353 	 -0.952412 	 0.007425 
7.892558 	 3.738505 	 -4.975978 	 -1.057434 	 -1.074895 	 -0.892788 	 -2.794373 	 1.535319 
7.086762 	 2.742839 	 -6.058331 	 0.730084 	 -0.324843 	 0.476555 	 -2.603918 	 0.432825 
7.417256 	 4.161813 	 -7.203215 	 0.151855 	 0.552236 	 -0.088985 	 -1.441969 	 0.167972 
8.163200 	 5.280044 	 -6.844790 	 0.026329 	 0.286923 	 -0.087575 	 -1.171622 	 0.045344 
5.963369 	 2.335190 	 -6.088437 	 -0.266147 	 0.059800 	 -0.288624 	 -1.504297 	 0.078857 
7.938807 	 2.585398 	 -4.636563 	 1.217654 	 -0.724682 	 0.027192 	 -2.656258 	 1.004292 
8.810698 	 2.605085 	 -4.756320 	 -0.055227 	 -0.606788 	 0.977146 	 -2.064115 	 0.663028 
11.128394 	 2.550322 	 -1.724900 	 0.232518 	 0.128035 	 0.143469 	 -0.660061 	 0.045521 
7.523775 	 2.893794 	 -5.017745 	 0.735290 	 -0.666082 	 1.264939 	 -3.594498 	 1.292193 
58.036887 	 -30.818932 	 26.066387 	 0.319637 	 -0.151604 	 0.105885 	 -0.058256 	 0.068182 
111.733008 	 -51.946529 	 -40.694136 	 0.745735 	 -0.359743 	 -0.272500 	 -0.034215 	 0.379896 
9.820731 	 4.336873 	 -7.816953 	 0.093813 	 0.264980 	 -0.252165 	 -0.956825 	 0.071301 
7.201860 	 1.782390 	 -5.076008 	 -0.435567 	 0.090203 	 -0.053462 	 -1.984431 	 0.100357 
-24.793563 	 -205.099912 	 7.572224 	 -0.162975 	 -1.472127 	 0.048668 	 -0.022833 	 1.098043 
7.747041 	 3.063148 	 -5.510066 	 -0.816155 	 -0.164818 	 1.023660 	 -4.129531 	 0.870577 
7.741582 	 4.018464 	 -5.154577 	 -1.050870 	 -0.061823 	 -0.242604 	 -2.409359 	 0.583503 
5.852387 	 3.131325 	 -5.616258 	 0.096794 	 -0.468830 	 0.325932 	 -1.592484 	 0.167701 
9.068979 	 2.302002 	 -6.073289 	 -0.416946 	 0.260159 	 0.403717 	 -1.688495 	 0.202257 
7.951167 	 3.104281 	 -5.238495 	 1.043663 	 1.437015 	 -0.170741 	 -3.788477 	 1.591699 
7.468194 	 2.929854 	 -5.293886 	 0.036691 	 -0.247259 	 0.817621 	 -3.811429 	 0.365493 
-70.659528 	 130.981514 	 159.755274 	 -0.508370 	 0.946741 	 1.152560 	 -0.020984 	 1.241576 
7.255231 	 3.071234 	 -4.872627 	 0.336004 	 -0.628526 	 0.456649 	 -3.084972 	 0.358236 
7.696657 	 2.612612 	 -6.166347 	 0.512138 	 0.505943 	 0.076920 	 -2.788613 	 0.262090 
9.393600 	 3.270948 	 -5.476877 	 -0.136099 	 0.461712 	 0.178266 	 -1.730897 	 0.131740 
6.556467 	 3.166464 	 -6.379014 	 0.064092 	 0.839814 	 -0.569277 	 -1.867524 	 0.516736 
7.942597 	 2.480158 	 -5.355215 	 0.809636 	 1.021699 	 -0.034717 	 -3.103381 	 0.850292 
7.146596 	 2.304435 	 -5.067662 	 1.611689 	 0.789537 	 -0.516624 	 -2.524865 	 1.743905 
6.008361 	 3.387173 	 -6.568785 	 0.722386 	 0.082769 	 -0.028384 	 -1.462880 	 0.264749 
7.543195 	 2.668412 	 -4.706917 	 -0.102576 	 0.998508 	 -0.625362 	 -2.981937 	 0.699308 
-61.568920 	 -124.382898 	 193.303085 	 -0.440430 	 -0.902052 	 1.398982 	 -0.018632 	 1.482414 
8.567259 	 5.316632 	 -6.060137 	 -0.119197 	 -0.337698 	 -0.561794 	 -1.226972 	 0.221930 
7.685492 	 4.206778 	 -3.786506 	 -0.009039 	 0.000975 	 -0.330571 	 -1.482684 	 0.054680 
90.873652 	 93.728357 	 154.466751 	 0.651348 	 0.662846 	 1.108405 	 -0.022188 	 1.046090 
8.938804 	 3.727691 	 -4.695984 	 0.253929 	 -0.295348 	 -0.363796 	 -1.829903 	 0.142029 
10.144167 	 184.196665 	 -116.336433 	 0.076097 	 1.327748 	 -0.838178 	 -0.020513 	 1.235624 
-106.162338 	 -42.339723 	 85.987166 	 -0.738089 	 -0.293756 	 0.592294 	 -0.028557 	 0.490939 
4.706718 	 1.907730 	 -1.465216 	 -0.286048 	 0.001672 	 0.231735 	 -0.658440 	 0.067764 
7.399850 	 3.166600 	 -6.145572 	 -0.031083 	 -0.029591 	 0.661458 	 -2.867814 	 0.219684 
7.068009 	 2.547725 	 -10.216384 	 -0.162306 	 0.016900 	 -0.193735 	 -0.687889 	 0.032081 
88.109366 	 -34.297376 	 -60.182045 	 0.572425 	 -0.204915 	 -0.395514 	 -0.039368 	 0.263046 
8.309861 	 2.931276 	 -5.403620 	 -0.805128 	 0.136427 	 0.530638 	 -3.117060 	 0.474210 
8.353410 	 2.564360 	 -4.682620 	 -0.215253 	 0.395780 	 0.096095 	 -2.338157 	 0.106105 
11.532636 	 0.733015 	 -2.163235 	 0.763257 	 -0.208430 	 0.505447 	 -0.604064 	 0.440741 
-134.250566 	 58.473147 	 -67.588293 	 -0.945631 	 0.400130 	 -0.479607 	 -0.027592 	 0.642172 
7.318287 	 3.195259 	 -4.908933 	 0.806224 	 -1.382066 	 -0.451806 	 -3.085499 	 1.382116 
-121.603922 	 72.923682 	 -117.311928 	 -0.864760 	 0.522387 	 -0.825253 	 -0.024286 	 0.850871 
7.605420 	 3.876820 	 -5.633541 	 0.375099 	 -0.076585 	 -1.040675 	 -2.697600 	 0.614784 
7.446223 	 3.323023 	 -5.517998 	 0.809958 	 0.097939 	 0.521250 	 -3.606676 	 0.468663 
3.734018 	 -152.610725 	 85.771179 	 0.033601 	 -1.075037 	 0.606429 	 -0.025422 	 0.762295 
7.047218 	 1.312951 	 -4.604620 	 -0.274225 	 -0.249230 	 -0.069662 	 -1.496794 	 0.071084 
7.651859 	 1.663374 	 -5.294596 	 1.712181 	 0.350813 	 0.374166 	 -1.980173 	 1.597316 
-62.424571 	 -169.496861 	 -14.476862 	 -0.438174 	 -1.204191 	 -0.095560 	 -0.024395 	 0.825602 
7.315259 	 2.948581 	 -5.375638 	 0.304916 	 -0.675639 	 -0.042895 	 -3.580249 	 0.275651 
9.266755 	 5.225084 	 -3.889953 	 0.180570 	 0.231201 	 -0.257655 	 -1.030276 	 0.076223 
-221.933729 	 -26.124605 	 -65.796998 	 -1.599099 	 -0.190329 	 -0.477338 	 -0.020122 	 1.410597 
6.596890 	 4.098227 	 -5.798176 	 0.187619 	 -0.022771 	 1.090274 	 -1.772122 	 0.612209 
7.417298 	 3.039936 	 -5.162356 	 -0.485259 	 -0.433202 	 0.032071 	 -3.699717 	 0.212085 
-102.124439 	 170.126195 	 25.357278 	 -0.730186 	 1.219036 	 0.175449 	 -0.021778 	 1.025001 
8.124091 	 2.790414 	 -4.982113 	 0.278225 	 0.414081 	 -0.712462 	 -3.189729 	 0.378237 
7.343248 	 1.661949 	 -6.354529 	 -0.576775 	 0.718229 	 0.684317 	 -1.670963 	 0.658406 
10.525671 	 20.774299 	 4.419791 	 -0.067589 	 -0.158954 	 -0.218572 	 -0.175577 	 0.038804 
7.401277 	 2.259510 	 -5.123764 	 -0.707672 	 -0.396132 	 0.689202 	 -2.669073 	 0.566360 
8.037244 	 3.468872 	 -4.869517 	 -0.829513 	 -1.033139 	 -0.082951 	 -2.919857 	 0.881174 
6.818109 	 4.205413 	 -5.051739 	 0.334270 	 -0.797365 	 0.787021 	 -1.798141 	 0.683465 
7.775552 	 3.267060 	 -4.463819 	 0.062961 	 0.549749 	 0.014369 	 -2.519351 	 0.153197 
7.430260 	 2.846287 	 -4.570764 	 -0.705593 	 0.448798 	 0.682157 	 -2.670527 	 0.582310 
-68.668607 	 139.136457 	 187.436435 	 -0.498588 	 0.999671 	 1.332843 	 -0.019785 	 1.512201 
-16.323129 	 -74.861261 	 96.306067 	 -0.097686 	 -0.512676 	 0.645354 	 -0.033235 	 0.344431 
-36.155850 	 152.773089 	 179.935703 	 -0.262715 	 1.101815 	 1.300007 	 -0.019222 	 1.486517 
6.461614 	 3.629169 	 -5.349948 	 -0.273600 	 0.767118 	 0.741202 	 -1.963367 	 0.606353 
-133.331017 	 85.588661 	 -143.856103 	 -0.958004 	 0.606988 	 -1.035942 	 -0.021023 	 1.179691 
7.135573 	 3.604095 	 -4.736845 	 0.815008 	 -0.059502 	 -1.399593 	 -2.310361 	 1.313320 
-163.472221 	 -66.081614 	 -2.964979 	 -1.163948 	 -0.475713 	 -0.033269 	 -0.025465 	 0.791092 
7.378081 	 2.745585 	 -5.015810 	 -1.363222 	 -0.028553 	 -0.077908 	 -3.441194 	 0.932629 
-123.038257 	 -53.078685 	 -58.646482 	 -0.855770 	 -0.420207 	 -0.367083 	 -0.036288 	 0.521833 
41.319595 	 -27.064037 	 3.351737 	 0.119523 	 -0.075834 	 -0.020686 	 -0.082761 	 0.010232 
-115.737646 	 -30.443819 	 -82.053282 	 -0.792485 	 -0.178473 	 -0.540656 	 -0.033556 	 0.476097 
7.051230 	 3.607384 	 -5.752366 	 -0.092844 	 0.284016 	 0.009285 	 -2.542591 	 0.044686 
7.106833 	 -4.885095 	 -6.467611 	 0.084960 	 0.353016 	 0.051725 	 -0.422315 	 0.067257 
7.862431 	 3.971512 	 -5.525288 	 -1.015914 	 -1.065596 	 1.062039 	 -2.542863 	 1.647751 
6.950211 	 -0.579438 	 -4.156976 	 0.337055 	 0.136609 	 0.122678 	 -0.834077 	 0.073659 
7.484349 	 3.127452 	 -5.882933 	 0.737408 	 -0.467846 	 0.317770 	 -3.400822 	 0.431814 
7.349725 	 2.623410 	 -4.768134 	 -1.098561 	 0.394392 	 -0.481375 	 -2.828985 	 0.797052 
8.297682 	 2.908651 	 -6.264456 	 0.409188 	 1.169240 	 -0.474302 	 -2.488759 	 0.879760 
7.898039 	 2.951144 	 -5.751585 	 -0.188970 	 -1.743775 	 0.250402 	 -3.556890 	 1.569581 
7.339585 	 1.891701 	 -5.730996 	 1.171501 	 0.056747 	 0.221217 	 -2.138296 	 0.712286 
10.456145 	 32.227507 	 -7.794710 	 0.047047 	 0.291682 	 -0.101748 	 -0.124758 	 0.048822 
8.256626 	 3.924150 	 -4.987806 	 0.048297 	 0.821703 	 0.059323 	 -2.346339 	 0.340524 
7.503833 	 2.261682 	 -5.653349 	 -0.096580 	 0.355799 	 0.149126 	 -2.778363 	 0.079080 
6.679099 	 3.031537 	 -5.416243 	 0.154874 	 -1.541681 	 -0.778692 	 -2.475255 	 1.503563 
7.348020 	 2.459405 	 -4.880974 	 -0.285251 	 0.045376 	 0.231932 	 -2.836315 	 0.068610 
44.978355 	 53.813681 	 163.425500 	 0.319416 	 0.386930 	 1.156347 	 -0.024953 	 0.794440 
7.317101 	 1.825295 	 -5.251241 	 0.255078 	 0.554871 	 -0.606759 	 -2.106551 	 0.370552 
8.542155 	 3.212073 	 -5.035460 	 -0.543964 	 0.071881 	 -0.675151 	 -2.622870 	 0.378447 
7.844759 	 4.992983 	 -8.145065 	 0.490657 	 -0.321273 	 0.488253 	 -0.973734 	 0.291176 
-98.086006 	 -125.852682 	 96.461551 	 -0.701604 	 -0.899634 	 0.691530 	 -0.023124 	 0.889902 
8.036507 	 3.518547 	 -6.127100 	 0.729098 	 -0.341971 	 0.540305 	 -2.625101 	 0.470229 
7.720583 	 2.738863 	 -6.706788 	 -0.525788 	 0.174129 	 -0.822048 	 -2.080436 	 0.491269 
8.014317 	 4.148813 	 -5.381194 	 1.261713 	 -0.082064 	 0.722980 	 -2.388500 	 1.060677 
7.106030 	 3.462394 	 -6.285161 	 -0.221623 	 0.003114 	 -0.918750 	 -2.303419 	 0.446614 
8.980923 	 1.877378 	 -3.363394 	 0.777177 	 0.367883 	 0.646673 	 -1.171818 	 0.578764 
-13.440266 	 114.971582 	 -161.285111 	 -0.094532 	 0.818623 	 -1.153083 	 -0.022325 	 1.004340 
7.356357 	 3.548811 	 -5.616632 	 1.428017 	 0.146987 	 -0.723734 	 -3.028193 	 1.292315 
6.695566 	 4.962554 	 -8.204735 	 -0.370963 	 0.005114 	 0.219750 	 -0.938115 	 0.092965 
97.855124 	 18.228883 	 19.100232 	 0.647275 	 0.091250 	 0.146203 	 -0.057992 	 0.224334 
7.809715 	 1.917230 	 -4.349278 	 0.242788 	 0.230679 	 -0.542107 	 -1.826764 	 0.203019 
-82.198888 	 150.923127 	 45.910189 	 -0.576303 	 1.073290 	 0.320354 	 -0.024262 	 0.793352 
-178.426436 	 112.092411 	 -109.106982 	 -1.276442 	 0.727737 	 -0.851097 	 -0.039800 	 1.441636 
-164.311874 	 116.118612 	 109.885686 	 -1.185010 	 0.841138 	 0.793656 	 -0.019081 	 1.370826 
7.760431 	 3.749996 	 -6.730536 	 -0.286621 	 -0.728926 	 0.616650 	 -1.890538 	 0.496871 
7.473278 	 2.924339 	 -5.524766 	 -0.409501 	 0.696765 	 -0.903364 	 -3.792497 	 0.734620 
-18.291895 	 46.181845 	 150.447377 	 -0.117472 	 0.331606 	 1.055756 	 -0.027345 	 0.619192 
5.710207 	 1.967881 	 -5.124476 	 -0.702406 	 0.051534 	 0.244609 	 -1.339299 	 0.277932 
8.031617 	 3.012934 	 -5.338259 	 0.096261 	 1.560971 	 0.538115 	 -3.737991 	 1.367732 
-18.228083 	 -203.553574 	 5.113091 	 -0.142982 	 -1.464134 	 0.039669 	 -0.023076 	 1.082854 
7.879454 	 3.059658 	 -5.414986 	 0.453042 	 0.815160 	 -0.109084 	 -4.031471 	 0.440816 
4.998105 	 1.891265 	 -5.243017 	 0.475034 	 -0.508265 	 0.513167 	 -1.084034 	 0.373666 
-170.393756 	 30.511255 	 -77.555197 	 -1.205056 	 0.209002 	 -0.562121 	 -0.024151 	 0.905912 
7.868991 	 3.730054 	 -4.923311 	 0.542667 	 1.026752 	 0.350777 	 -2.758933 	 0.735876 
68.514163 	 81.161625 	 163.162378 	 0.498232 	 0.576485 	 1.164922 	 -0.023081 	 0.968807 
7.809813 	 3.312832 	 -6.570104 	 0.353137 	 0.570925 	 -1.228317 	 -2.221222 	 0.979712 
-194.751935 	 -2.582630 	 -28.885011 	 -1.403982 	 -0.018919 	 -0.221858 	 -0.023508 	 1.010372 
4.984917 	 2.519186 	 -2.541751 	 0.075508 	 -0.146862 	 -0.257673 	 -0.820912 	 0.046833 
8.782011 	 13.783878 	 -14.772319 	 0.011685 	 0.140075 	 -0.121859 	 -0.246464 	 0.017304 
7.599043 	 2.629915 	 -4.791201 	 -0.189733 	 0.506681 	 0.008450 	 -3.027541 	 0.146398 
7.987685 	 3.863599 	 -4.889986 	 0.258518 	 0.802878 	 1.744844 	 -2.480691 	 1.877963 
6.545857 	 6.061703 	 -2.722153 	 0.319461 	 -0.114290 	 0.217592 	 -0.780020 	 0.081232 
51.158605 	 -7.054416 	 -156.426208 	 0.360331 	 -0.047799 	 -1.093799 	 -0.026672 	 0.664260 
7.498871 	 5.123732 	 -7.492948 	 0.610812 	 -0.311304 	 0.411519 	 -1.094400 	 0.319674 
8.866719 	 2.736877 	 -6.028858 	 -0.176116 	 0.382031 	 1.716980 	 -2.011470 	 1.562492 
8.019973 	 1.243702 	 -5.190661 	 -0.215508 	 -0.798348 	 -0.132745 	 -1.589194 	 0.350712 
7.608729 	 2.569185 	 -5.142714 	 0.994043 	 -1.367075 	 0.309837 	 -3.386634 	 1.476507 
6.432084 	 3.886649 	 -10.565835 	 0.071842 	 0.196094 	 0.241744 	 -0.630235 	 0.051027 
-99.920773 	 -14.300036 	 -68.851795 	 -0.691074 	 -0.096682 	 -0.472276 	 -0.037311 	 0.354988 
7.920726 	 3.053056 	 -5.410507 	 1.147864 	 0.094847 	 -1.752411 	 -3.973266 	 2.198767 
7.616737 	 3.273243 	 -5.285705 	 -0.264475 	 -0.799215 	 0.658558 	 -3.830263 	 0.571195 
8.361177 	 2.707932 	 -6.068132 	 0.713487 	 1.592996 	 -0.249353 	 -2.512798 	 1.554439 
8.550082 	 3.285906 	 -5.853531 	 0.336939 	 -0.289384 	 0.000522 	 -2.505208 	 0.098636 
8.608759 	 3.481026 	 -6.806699 	 0.561228 	 0.389260 	 0.374013 	 -1.703801 	 0.303193 
-7.664472 	 5.385419 	 -16.322128 	 -0.158252 	 0.077289 	 -0.132498 	 -0.188876 	 0.024287 
7.438833 	 4.597778 	 -4.179985 	 -0.632936 	 -0.245964 	 0.054442 	 -1.475184 	 0.232035 
-7.584246 	 -9.331243 	 -6.180436 	 -0.191401 	 -0.124150 	 -0.004592 	 -0.181678 	 0.026034 
7.438212 	 3.841103 	 -6.115107 	 -0.186509 	 -0.029414 	 0.572538 	 -2.322859 	 0.181725 
7.673186 	 2.909177 	 -5.255766 	 0.961024 	 -0.341570 	 1.471487 	 -3.981295 	 1.602756 
7.089556 	 2.750174 	 -5.107208 	 -0.389481 	 1.314540 	 -0.597865 	 -2.937769 	 1.118577 
7.300549 	 3.187032 	 -5.228922 	 -0.274569 	 0.489263 	 0.950199 	 -3.520126 	 0.608822 
7.901617 	 2.759795 	 -4.856133 	 -0.925478 	 0.163150 	 0.259806 	 -3.365176 	 0.475313 
99.923433 	 -20.978117 	 29.739720 	 0.634677 	 -0.131922 	 0.171354 	 -0.041310 	 0.224790 
7.770233 	 2.511798 	 -5.416033 	 1.411611 	 1.170010 	 -1.381681 	 -3.327966 	 2.635306 
8.684987 	 8.694993 	 -3.096320 	 0.339426 	 0.372517 	 0.234628 	 -0.546894 	 0.154514 
6.252680 	 0.893321 	 -3.823703 	 0.486329 	 0.431648 	 -0.097547 	 -1.049490 	 0.216175 
25.462949 	 -148.187901 	 85.378785 	 0.177728 	 -1.046265 	 0.601192 	 -0.025880 	 0.743845 
7.157323 	 2.559306 	 -4.803548 	 -1.229108 	 0.130763 	 0.468505 	 -2.670899 	 0.873651 
9.564949 	 7.346435 	 -2.674204 	 0.033331 	 0.438642 	 0.330485 	 -0.619366 	 0.151369 
7.598639 	 3.113617 	 -5.788319 	 1.299124 	 0.246453 	 0.632797 	 -3.699464 	 1.074448 
8.348120 	 2.800603 	 -5.510376 	 -0.372660 	 0.800956 	 0.376375 	 -2.932987 	 0.461032 
11.217208 	 2.311199 	 -8.745036 	 -0.422936 	 0.255068 	 0.647928 	 -0.681116 	 0.331873 
7.047610 	 3.309671 	 -5.114555 	 -0.475868 	 -0.733506 	 -1.317487 	 -2.841842 	 1.250127 
8.106136 	 2.497618 	 -5.126371 	 0.629613 	 0.148650 	 -0.112624 	 -2.900923 	 0.215597 
7.283735 	 3.660924 	 -5.185485 	 -0.424619 	 0.202070 	 -1.104236 	 -2.721594 	 0.720235 
6.846330 	 2.701272 	 -5.778968 	 0.406317 	 0.026341 	 -0.253896 	 -2.512503 	 0.115125 
172.165125 	 7.816096 	 -25.388447 	 1.211961 	 0.044183 	 -0.174481 	 -0.026117 	 0.750623 
98.016696 	 18.035685 	 18.841674 	 0.564428 	 0.133422 	 0.079983 	 -0.057901 	 0.171389 
7.881301 	 3.297599 	 -4.777697 	 -0.554433 	 -0.050694 	 -0.860998 	 -2.983691 	 0.525641 
8.473646 	 3.030581 	 -5.206905 	 -0.664601 	 0.428230 	 -0.316287 	 -2.823106 	 0.362556 
6.722889 	 3.082440 	 -5.095665 	 0.408048 	 0.113447 	 0.576027 	 -2.412713 	 0.255591 
-46.922160 	 51.429943 	 212.861437 	 -0.338690 	 0.359084 	 1.533850 	 -0.020796 	 1.298174 
63.142289 	 -47.778171 	 -23.933813 	 0.355977 	 -0.271341 	 -0.142931 	 -0.051564 	 0.110388 
7.395528 	 3.462805 	 -7.500008 	 0.722479 	 -0.582868 	 -0.116674 	 -1.427779 	 0.437662 
8.009419 	 2.617936 	 -5.133869 	 0.652728 	 1.975282 	 -0.091349 	 -3.194460 	 2.168069 
8.067320 	 3.055902 	 -5.535078 	 -0.247385 	 -0.879335 	 -0.177267 	 -3.610855 	 0.432927 
-37.221569 	 56.427645 	 63.388848 	 -0.230262 	 0.389712 	 0.412600 	 -0.044431 	 0.187568 
7.522388 	 3.318501 	 -5.027540 	 0.112997 	 -0.354845 	 0.114975 	 -3.312552 	 0.075951 
8.000725 	 3.746061 	 -5.113700 	 0.911364 	 0.053828 	 -0.119439 	 -2.792644 	 0.423873 
7.075991 	 2.844051 	 -6.546536 	 0.153063 	 1.053647 	 -1.274967 	 -2.082865 	 1.379571 
9.905140 	 4.238574 	 -4.376436 	 -0.240755 	 -0.139600 	 -0.394641 	 -1.165955 	 0.116596 
117.725791 	 91.803493 	 95.608759 	 0.835729 	 0.648133 	 0.671257 	 -0.024967 	 0.784553 
-17.852129 	 3.341952 	 -21.071158 	 -0.092098 	 0.024636 	 -0.110156 	 -0.123000 	 0.010612 
8.044668 	 4.045034 	 -3.338043 	 0.795565 	 -0.275988 	 -0.100693 	 -1.317205 	 0.359616 
7.935675 	 2.852322 	 -5.101501 	 0.054964 	 0.555710 	 0.083092 	 -3.529799 	 0.159370 
7.651495 	 2.440157 	 -7.100045 	 0.021547 	 0.525043 	 0.518967 	 -1.649649 	 0.272730 
-7.369359 	 104.683382 	 162.154127 	 -0.057918 	 0.740861 	 1.159224 	 -0.023360 	 0.948015 
15.764317 	 -74.883118 	 43.945737 	 0.106252 	 -0.426313 	 0.289903 	 -0.063612 	 0.138538 
3.034798 	 16.329201 	 -18.649786 	 0.026240 	 0.098945 	 -0.057927 	 -0.185229 	 0.006917 
160.319513 	 -75.079026 	 -52.147985 	 1.128045 	 -0.539396 	 -0.371891 	 -0.024532 	 0.850868 
-4.891459 	 1.395205 	 -23.291321 	 0.211917 	 0.046227 	 0.164343 	 -0.164688 	 0.037027 
2.847310 	 0.455720 	 -4.969942 	 -0.379961 	 -0.125532 	 0.359900 	 -0.600340 	 0.144828 
7.559324 	 3.169047 	 -5.206399 	 0.404909 	 -0.325951 	 0.851181 	 -3.854806 	 0.497352 
-17.613322 	 100.129245 	 199.655289 	 -0.115995 	 0.727461 	 1.439191 	 -0.020550 	 1.306962 
-32.865712 	 -31.885430 	 -190.026237 	 -0.241777 	 -0.221954 	 -1.356720 	 -0.022650 	 0.974205 
8.101747 	 0.481724 	 -3.150302 	 -0.388065 	 -0.201817 	 -0.352122 	 -0.940344 	 0.157657 
-71.517245 	 3.978418 	 -74.655458 	 -0.448080 	 0.013539 	 -0.476165 	 -0.040958 	 0.213846 
-153.326049 	 -29.792637 	 -132.557340 	 -1.096060 	 -0.201726 	 -0.951343 	 -0.022274 	 1.073547 
-151.430588 	 50.675595 	 -85.706888 	 -1.073913 	 0.339364 	 -0.592763 	 -0.030286 	 0.809913 
7.484512 	 3.064596 	 -5.303169 	 1.749855 	 -0.738693 	 0.315707 	 -3.895621 	 1.853666 
6.678858 	 3.941061 	 -3.804681 	 -0.795960 	 0.013908 	 0.787759 	 -1.398097 	 0.627155 
7.629779 	 2.404743 	 -5.595915 	 0.107798 	 -0.258442 	 -0.219979 	 -3.133302 	 0.063402 
19.341905 	 29.360785 	 15.533498 	 0.092914 	 0.003951 	 -0.036809 	 -0.106600 	 0.005002 
8.155890 	 3.583173 	 -4.812268 	 1.012625 	 -0.027700 	 -0.939392 	 -2.687544 	 0.954316 
7.141445 	 2.933174 	 -5.663927 	 -0.239612 	 0.023542 	 -1.274405 	 -3.238029 	 0.841038 
-7.447042 	 -273.830015 	 -11.331712 	 -0.054075 	 -1.992884 	 -0.082539 	 -0.016594 	 1.990662 
-193.673526 	 -92.247472 	 7.662890 	 -1.301062 	 -0.630797 	 0.054135 	 -0.053703 	 1.046799 
6.046788 	 -0.274185 	 -1.291801 	 0.287604 	 0.157697 	 0.141893 	 -0.601371 	 0.063859 
6.592851 	 1.071190 	 -4.079422 	 0.210747 	 0.142550 	 -0.488015 	 -1.196013 	 0.151447 
6.170625 	 3.127048 	 -5.029652 	 0.127743 	 -0.245860 	 0.793688 	 -1.789614 	 0.353353 
6.424059 	 2.360017 	 -6.620003 	 -0.132755 	 -0.406097 	 0.031038 	 -1.564888 	 0.091751 
7.785407 	 6.248525 	 -5.309518 	 -0.170077 	 0.780931 	 0.162476 	 -0.987463 	 0.332589 
75.144390 	 23.441146 	 189.646287 	 0.538243 	 0.172201 	 1.358826 	 -0.021720 	 1.082883 
7.959068 	 3.423530 	 -5.773679 	 -0.101906 	 -0.779385 	 -0.109513 	 -3.314392 	 0.314910 
8.757691 	 3.104207 	 -5.524003 	 -0.213820 	 -0.498033 	 -0.648381 	 -2.391142 	 0.357077 
46.325152 	 9.077888 	 -17.893340 	 0.106651 	 0.065150 	 -0.040850 	 -0.091540 	 0.008644 
25.133114 	 78.175972 	 46.313896 	 0.173742 	 0.473232 	 0.296350 	 -0.044904 	 0.170979 
7.612589 	 3.838699 	 -5.985194 	 0.418703 	 0.470981 	 -0.119353 	 -2.498160 	 0.205691 
5.842635 	 0.986785 	 -4.676837 	 -0.045202 	 0.201049 	 -0.197680 	 -1.093532 	 0.040771 
7.360604 	 2.873772 	 -5.557386 	 0.456556 	 0.171288 	 -1.029003 	 -3.591780 	 0.648315 
7.612240 	 2.667629 	 -5.093885 	 0.395166 	 -1.456614 	 -0.794220 	 -3.509627 	 1.454333 
90.904007 	 -5.946244 	 -25.116817 	 0.543609 	 -0.048968 	 -0.168567 	 -0.047387 	 0.163162 
9.479811 	 4.090201 	 -4.848144 	 0.066335 	 -0.429618 	 0.432749 	 -1.432886 	 0.188122 
7.843514 	 2.172386 	 -6.058505 	 1.469482 	 0.365504 	 -0.092102 	 -2.345228 	 1.150726 
7.517274 	 4.610872 	 -6.538966 	 0.261409 	 1.008298 	 -1.192472 	 -1.582131 	 1.253494 
6.272741 	 2.492501 	 -4.527856 	 0.418334 	 -0.367876 	 -0.121519 	 -1.645130 	 0.162551 
11.263875 	 1.422705 	 -3.465243 	 0.458735 	 0.397211 	 -0.027688 	 -0.750259 	 0.184490 
9.083158 	 3.273009 	 -6.795225 	 -0.684936 	 0.290592 	 0.484579 	 -1.528644 	 0.394199 
-117.357110 	 27.955607 	 15.130685 	 -0.773473 	 0.186903 	 0.043801 	 -0.049871 	 0.317556 
15.737167 	 -72.067245 	 55.968802 	 0.121673 	 -0.455347 	 0.319463 	 -0.044729 	 0.162101 
6.240152 	 2.408262 	 -8.249390 	 -0.386419 	 -0.231253 	 -0.280700 	 -0.998347 	 0.140795 
5.592132 	 2.580794 	 -6.000369 	 0.580699 	 -0.103059 	 0.871618 	 -1.370357 	 0.553775 
7.211262 	 2.632955 	 -5.089559 	 0.617526 	 0.249345 	 -0.789980 	 -3.103771 	 0.533790 
6.555645 	 2.160381 	 -7.994687 	 -0.233500 	 -0.422910 	 -0.505237 	 -1.079479 	 0.244320 
86.472686 	 14.532350 	 1.274697 	 0.505549 	 0.107973 	 0.001593 	 -0.050957 	 0.133620 
47.294853 	 96.601186 	 -64.355140 	 0.324176 	 0.638027 	 -0.431762 	 -0.035173 	 0.349294 
7.068342 	 3.050329 	 -5.438010 	 -0.322614 	 0.001566 	 0.019048 	 -3.207608 	 0.052222 
-4.287826 	 -96.509131 	 179.006304 	 -0.025019 	 -0.693550 	 1.280936 	 -0.021659 	 1.061217 
7.699649 	 2.717301 	 -5.867187 	 0.624883 	 -0.966496 	 0.376380 	 -3.273139 	 0.733128 
7.659873 	 2.751134 	 -5.032141 	 0.970670 	 -0.578426 	 -0.922185 	 -3.551452 	 1.063601 
8.331152 	 2.805663 	 -5.801539 	 0.359069 	 -0.341895 	 -0.295898 	 -2.839650 	 0.166690 
6.558457 	 2.951160 	 -5.351462 	 0.487314 	 0.078051 	 1.356663 	 -2.304901 	 1.042051 
75.626582 	 -7.492257 	 -17.067222 	 0.413046 	 -0.059472 	 -0.087372 	 -0.057092 	 0.090889 
7.364839 	 3.414334 	 -5.478530 	 -0.097426 	 -0.217126 	 0.582210 	 -3.354806 	 0.197802 
7.598287 	 3.147645 	 -5.794960 	 0.115241 	 0.634557 	 0.951449 	 -3.661202 	 0.660599 
8.364803 	 2.868481 	 -6.391058 	 -1.288890 	 -0.505959 	 -0.202295 	 -2.290002 	 0.979078 
8.047594 	 3.297481 	 -5.330074 	 0.677270 	 -1.455041 	 -0.053014 	 -3.660013 	 1.289324 
7.299010 	 2.181938 	 -4.208203 	 -0.145636 	 0.641950 	 0.342086 	 -1.850130 	 0.275166 
6.453777 	 3.951232 	 -5.043965 	 0.091819 	 -0.203912 	 0.282629 	 -1.744059 	 0.064945 
-89.039898 	 44.392765 	 -46.843217 	 -0.578969 	 0.289770 	 -0.309822 	 -0.037718 	 0.257581 
5.907385 	 2.740980 	 -6.448528 	 0.648278 	 0.496783 	 0.650271 	 -1.452625 	 0.544955 
120.705478 	 66.793504 	 -113.881047 	 0.849424 	 0.467087 	 -0.805270 	 -0.025114 	 0.794076 
7.271938 	 3.364211 	 -5.486850 	 0.572342 	 -0.444675 	 0.739962 	 -3.320528 	 0.536428 
7.601604 	 3.054028 	 -4.841018 	 -1.597674 	 -1.314763 	 0.408354 	 -3.242988 	 2.223959 
8.097870 	 2.889354 	 -6.577072 	 0.147521 	 0.222302 	 0.168695 	 -2.187448 	 0.049819 
7.835259 	 2.909839 	 -4.732708 	 -0.145506 	 0.510742 	 0.928925 	 -3.037820 	 0.572465 
8.498194 	 5.089067 	 -4.899549 	 0.293400 	 0.357153 	 -0.417216 	 -1.330852 	 0.193856 
7.115289 	 2.929879 	 -9.110201 	 0.318292 	 0.418510 	 -0.484223 	 -0.878427 	 0.255466 
16.140209 	 -140.092380 	 29.828847 	 0.094872 	 -0.941506 	 0.195354 	 -0.037599 	 0.466799 
7.027318 	 4.388138 	 -4.267037 	 -0.419337 	 0.537185 	 0.672914 	 -1.525093 	 0.458612 
7.585044 	 4.567986 	 -6.472928 	 -0.262240 	 -0.165709 	 0.357027 	 -1.624167 	 0.111849 
7.849983 	 3.668459 	 -5.581824 	 -0.338577 	 0.688167 	 -0.207925 	 -3.088721 	 0.315720 
7.876833 	 2.897481 	 -5.451300 	 1.027859 	 -0.279444 	 -0.109894 	 -3.812092 	 0.573329 
8.393438 	 0.266743 	 -5.839277 	 0.230130 	 -0.192157 	 0.111554 	 -1.080325 	 0.051164 
-133.911346 	 -2.837212 	 -98.364069 	 -0.926104 	 -0.007898 	 -0.704639 	 -0.027682 	 0.677124 
-50.624642 	 10.840079 	 4.986635 	 -0.197747 	 0.065489 	 0.019724 	 -0.065305 	 0.021891 
7.848248 	 3.242776 	 -5.218506 	 0.293744 	 -0.617041 	 -0.584748 	 -3.740092 	 0.404477 
-30.914688 	 92.645150 	 118.840797 	 -0.210264 	 0.648706 	 0.828653 	 -0.027990 	 0.575848 
7.766546 	 3.033157 	 -5.254933 	 0.811946 	 -1.148096 	 -0.520282 	 -3.985352 	 1.124038 
6.637157 	 4.351867 	 -11.958157 	 -0.119988 	 -0.020469 	 0.543378 	 -0.506218 	 0.155038 
-128.328291 	 68.503157 	 133.837921 	 -0.921678 	 0.496410 	 0.964316 	 -0.021858 	 1.012909 
8.119370 	 3.273570 	 -4.638377 	 0.564494 	 -0.143655 	 -1.059990 	 -2.661599 	 0.731434 
8.047071 	 3.979913 	 -5.375691 	 -0.688833 	 0.764294 	 -0.717356 	 -2.517093 	 0.786618 
8.745028 	 0.218517 	 -6.113711 	 0.356259 	 0.191506 	 0.100095 	 -1.019838 	 0.086807 
8.053528 	 3.376465 	 -5.813777 	 -0.213837 	 0.624023 	 0.244881 	 -3.217656 	 0.247549 
8.700675 	 4.188466 	 -6.862944 	 -0.107989 	 0.260536 	 0.756702 	 -1.437458 	 0.326069 
7.394932 	 2.998387 	 -6.711516 	 -0.252227 	 -0.507613 	 -0.423086 	 -2.074122 	 0.250146 
8.116361 	 1.975150 	 -5.854759 	 -0.540150 	 -0.146219 	 0.996572 	 -2.160590 	 0.653149 
7.414498 	 3.886741 	 -5.625105 	 0.963946 	 0.182509 	 0.366806 	 -2.538694 	 0.548525 
8.112300 	 3.529639 	 -5.567671 	 0.111850 	 0.540717 	 -0.367968 	 -3.087035 	 0.220143 
15.195431 	 -1.239123 	 2.056178 	 0.428489 	 -0.049827 	 0.055987 	 -0.305330 	 0.094610 
7.102612 	 3.086428 	 -5.913348 	 0.165538 	 -0.135901 	 1.197588 	 -2.878589 	 0.740044 
6.080006 	 2.622187 	 -3.735913 	 0.778239 	 0.287194 	 -0.651008 	 -1.281762 	 0.555974 
8.795564 	 2.154734 	 -7.308758 	 -0.272282 	 -0.340393 	 -0.450243 	 -1.311958 	 0.196362 
7.988824 	 3.331269 	 -5.354963 	 -1.010871 	 0.864198 	 -0.102519 	 -3.627784 	 0.889604 
8.008473 	 3.035575 	 -5.019764 	 -0.312595 	 -0.386316 	 -0.088466 	 -3.423227 	 0.127391 
8.153480 	 2.808893 	 -5.000576 	 -0.364446 	 0.365510 	 0.002403 	 -3.177512 	 0.133212 
-232.984755 	 -5.115957 	 -39.691740 	 -1.681360 	 -0.032173 	 -0.297054 	 -0.019576 	 1.458124 
7.680980 	 2.820335 	 -5.409754 	 -0.102052 	 1.659687 	 -1.027050 	 -3.897339 	 1.909904 
11.631977 	 5.226442 	 -4.506613 	 -0.076132 	 0.153547 	 -0.367229 	 -0.725229 	 0.082115 
8.284764 	 2.881031 	 -5.768998 	 -0.315310 	 -0.515559 	 -0.654309 	 -2.975338 	 0.396671 
7.653081 	 3.166568 	 -5.319331 	 -0.222599 	 0.625587 	 0.031837 	 -4.061251 	 0.220962 
7.386556 	 2.553995 	 -5.071145 	 0.114629 	 1.346559 	 -0.237152 	 -3.154439 	 0.941301 
7.301938 	 3.510872 	 -6.213492 	 0.277143 	 0.399903 	 0.535071 	 -2.465886 	 0.261515 
7.726695 	 2.924718 	 -5.249492 	 -0.207961 	 1.336386 	 0.382286 	 -3.983939 	 0.987659 
9.981379 	 3.469614 	 -6.025525 	 0.836766 	 -0.005473 	 -0.324481 	 -1.313510 	 0.402748 
8.164342 	 2.928730 	 -5.864470 	 -0.272880 	 0.013949 	 -0.885099 	 -3.046387 	 0.429029 
9.657667 	 3.925442 	 -5.451277 	 0.998240 	 0.276408 	 0.082781 	 -1.434348 	 0.539868 
9.605378 	 5.009165 	 -7.885789 	 -0.108377 	 -0.045039 	 -0.331739 	 -0.899232 	 0.061913 
7.501195 	 2.541801 	 -5.621508 	 0.506903 	 -0.655270 	 -0.061298 	 -3.287022 	 0.345044 
9.851811 	 2.543455 	 -7.234154 	 -0.190713 	 0.081286 	 0.581079 	 -1.113106 	 0.190316 
7.375403 	 2.662690 	 -5.681038 	 -0.370412 	 0.023044 	 -0.885114 	 -3.249250 	 0.460581 
7.602701 	 3.417069 	 -5.460628 	 -0.235297 	 0.959480 	 0.258183 	 -3.559212 	 0.521312 
7.008205 	 2.669020 	 -4.579631 	 -1.110889 	 -0.995261 	 0.320502 	 -2.285750 	 1.163670 
7.633861 	 3.512768 	 -5.401923 	 -0.543895 	 -0.128953 	 -0.118501 	 -3.409253 	 0.163247 
8.185084 	 3.179352 	 -6.927522 	 -0.930937 	 -0.438734 	 -0.477715 	 -1.812462 	 0.643671 
7.992380 	 2.755078 	 -5.801587 	 -1.429231 	 0.124402 	 -0.148542 	 -3.195265 	 1.040121 
8.089079 	 7.994233 	 -7.202201 	 0.298964 	 -0.218137 	 0.198525 	 -0.633463 	 0.088188 
83.085017 	 23.589901 	 -51.709610 	 0.541787 	 0.126118 	 -0.294563 	 -0.047334 	 0.198103 
-220.944879 	 -81.425019 	 -39.482328 	 -1.607105 	 -0.582292 	 -0.288473 	 -0.019379 	 1.502534 
8.371854 	 4.305822 	 -2.091223 	 -0.264883 	 -0.375130 	 -1.151226 	 -0.900540 	 0.768104 
22.861827 	 11.688818 	 6.017382 	 0.030464 	 0.063315 	 -0.080328 	 -0.172895 	 0.005695 
4.694024 	 8.767383 	 -3.242452 	 0.219482 	 -0.262661 	 -0.114216 	 -0.495970 	 0.065104 
-125.746158 	 15.135070 	 -25.709984 	 -0.854309 	 0.103034 	 -0.192735 	 -0.032950 	 0.388803 
7.034444 	 2.016831 	 -3.702693 	 -0.201257 	 -0.055372 	 -0.430139 	 -1.437078 	 0.114295 
-17.912448 	 -218.299556 	 -7.202470 	 -0.126812 	 -1.540161 	 -0.062697 	 -0.026117 	 1.196054 
7.538151 	 3.170621 	 -5.140816 	 0.623741 	 -0.079899 	 -0.525605 	 -3.734510 	 0.335849 
6.986932 	 3.834092 	 -5.586857 	 0.378378 	 0.366790 	 -0.849564 	 -2.302362 	 0.499731 
147.049501 	 18.353118 	 170.563598 	 1.062252 	 0.133838 	 1.227926 	 -0.019721 	 1.327047 
6.909257 	 3.871091 	 -7.051651 	 0.683088 	 0.426175 	 0.027760 	 -1.510424 	 0.324503 
-81.474324 	 132.102763 	 158.757954 	 -0.574825 	 0.946742 	 1.148372 	 -0.020551 	 1.272751 
8.126345 	 4.051402 	 -5.382277 	 -0.066066 	 -1.176696 	 -0.873590 	 -2.380787 	 1.076070 
6.264018 	 2.856730 	 -7.331082 	 -0.037288 	 -0.322506 	 -0.312727 	 -1.295106 	 0.101599 
7.249428 	 2.652150 	 -5.150763 	 -0.367982 	 0.271890 	 -0.952631 	 -3.211340 	 0.558421 
6.903078 	 3.288881 	 -4.968124 	 0.145302 	 -0.704538 	 0.578943 	 -2.516926 	 0.426331 
7.806203 	 2.694552 	 -4.413261 	 0.147319 	 0.165556 	 0.194145 	 -2.449749 	 0.043402 
7.707030 	 3.808962 	 -5.686901 	 -0.674720 	 -0.689668 	 -0.971951 	 -2.832708 	 0.937790 
5.967041 	 3.395021 	 -5.316680 	 -0.759240 	 -0.052811 	 0.265139 	 -1.640189 	 0.324767 
6.764334 	 2.815003 	 -5.616580 	 0.257642 	 -0.055723 	 -0.415087 	 -2.538009 	 0.120891 
7.486424 	 3.593174 	 -5.385935 	 0.771908 	 0.545027 	 0.718502 	 -3.104831 	 0.704571 
5.528964 	 9.307399 	 -4.611985 	 -0.103179 	 -0.281050 	 -0.160311 	 -0.506634 	 0.057667 
-100.460310 	 -145.925425 	 5.338616 	 -0.713701 	 -1.032325 	 0.041127 	 -0.024472 	 0.788378 
-6.946541 	 93.064669 	 201.869811 	 -0.057179 	 0.669485 	 1.457058 	 -0.020671 	 1.287249 
7.216311 	 3.309574 	 -5.402328 	 0.236804 	 -0.922278 	 -0.884805 	 -3.333838 	 0.844777 
7.303105 	 1.495601 	 -5.335223 	 0.331985 	 1.047268 	 -0.277995 	 -1.794523 	 0.642133 
7.471727 	 3.423809 	 -5.625577 	 -0.849238 	 -0.256292 	 0.640841 	 -3.365314 	 0.598784 
7.586977 	 2.767704 	 -5.055210 	 -0.266524 	 0.530803 	 0.532812 	 -3.601939 	 0.318338 
-44.770174 	 17.881060 	 -55.547051 	 -0.217316 	 0.114308 	 -0.348162 	 -0.058474 	 0.090755 
7.514218 	 2.293223 	 -5.969783 	 -0.033046 	 0.716298 	 0.983115 	 -2.552594 	 0.740344 
-194.088202 	 -92.180214 	 7.760533 	 -1.495015 	 -0.643156 	 -0.051192 	 -0.046823 	 1.325670 
-178.341477 	 -51.383628 	 -44.721099 	 -1.273665 	 -0.360685 	 -0.324836 	 -0.023897 	 0.928917 
27.608960 	 78.572409 	 50.758572 	 0.180136 	 0.494121 	 0.291968 	 -0.043572 	 0.180925 
7.932582 	 3.307920 	 -5.665691 	 1.354904 	 -0.291547 	 0.320149 	 -3.595965 	 1.011630 
7.233954 	 2.979084 	 -5.719168 	 0.401233 	 0.427256 	 -0.688039 	 -3.395898 	 0.408467 
7.652443 	 2.467075 	 -5.627381 	 0.138653 	 -0.052959 	 0.468385 	 -3.233019 	 0.120707 
8.188537 	 3.507552 	 -4.866523 	 -0.071720 	 -0.072797 	 0.129889 	 -2.784874 	 0.013657 
-18.268402 	 2.974320 	 173.758427 	 -0.122645 	 0.020939 	 1.229372 	 -0.024859 	 0.763417 
-48.316951 	 42.508592 	 212.282837 	 -0.310790 	 0.297969 	 1.498555 	 -0.028822 	 1.215522 
11.436624 	 3.141608 	 -2.894002 	 0.451184 	 -0.227649 	 -0.016454 	 -0.735531 	 0.127831 
-0.752906 	 -110.170776 	 163.273458 	 -0.007283 	 -0.784874 	 1.166540 	 -0.022384 	 0.988448 
7.602875 	 2.623754 	 -4.323863 	 -0.958156 	 -0.754318 	 -0.946711 	 -2.288932 	 1.191661 
41.610240 	 64.896884 	 201.499014 	 0.299624 	 0.470630 	 1.448029 	 -0.020988 	 1.204027 
8.664340 	 3.161677 	 -5.144782 	 -0.809275 	 0.186969 	 0.542291 	 -2.525706 	 0.491982 
7.075365 	 5.201290 	 -6.845555 	 0.513529 	 -0.494983 	 0.345178 	 -1.182092 	 0.313934 
7.500836 	 1.241975 	 -6.674892 	 0.239117 	 -0.208127 	 -0.976775 	 -1.359023 	 0.527292 
7.865660 	 3.023866 	 -5.835770 	 0.471919 	 0.076851 	 -0.228094 	 -3.452643 	 0.140320 
11.682256 	 13.565058 	 13.373028 	 -0.025908 	 -0.056123 	 -0.190127 	 -0.164892 	 0.019985 
8.752975 	 2.681638 	 -4.726485 	 0.574237 	 0.149669 	 -0.048606 	 -2.108580 	 0.177256 
-212.284635 	 44.852014 	 -108.039079 	 -1.534114 	 0.329945 	 -0.777177 	 -0.018917 	 1.533187 
9.682912 	 1.922610 	 -7.165088 	 -0.025707 	 -0.280585 	 -0.293487 	 -1.099555 	 0.082762 
8.628497 	 3.427248 	 -5.328596 	 0.463553 	 -0.221360 	 -0.133080 	 -2.505095 	 0.140796 
9.623888 	 0.298010 	 -11.490330 	 -0.028483 	 0.036534 	 0.025545 	 -0.487233 	 0.001399 
7.243976 	 3.220784 	 -5.337124 	 -0.410141 	 1.662066 	 0.667629 	 -3.456742 	 1.688204 
10.031015 	 3.265050 	 -5.740358 	 0.410950 	 -0.228905 	 -0.034903 	 -1.331313 	 0.111248 
10.689038 	 4.935480 	 -5.482696 	 0.753516 	 0.548081 	 0.143760 	 -0.918249 	 0.444423 
9.177754 	 3.821575 	 -4.531920 	 0.268425 	 -0.482923 	 -0.527526 	 -1.598656 	 0.291775 
-8.831661 	 -62.890726 	 16.108429 	 -0.028224 	 -0.326888 	 0.074774 	 -0.056607 	 0.056622 
8.178451 	 3.025447 	 -2.709952 	 0.216968 	 -0.033409 	 -0.581032 	 -1.146530 	 0.192895 
7.690325 	 2.729488 	 -4.884447 	 -1.491789 	 0.995744 	 -1.124211 	 -3.264916 	 2.240396 
4.482744 	 4.396678 	 -4.769870 	 0.767630 	 -0.606084 	 -0.049004 	 -0.899908 	 0.479498 
7.570322 	 2.775142 	 -4.525784 	 -0.619542 	 -0.392194 	 -0.163227 	 -2.655534 	 0.282146 
4.840866 	 -2.429331 	 -5.129636 	 0.055055 	 0.479990 	 -0.057804 	 -0.538753 	 0.118381 
7.188049 	 6.855171 	 -6.976097 	 0.531230 	 0.099552 	 -0.091121 	 -0.789237 	 0.150210 
8.992229 	 0.635123 	 -3.053112 	 0.530283 	 -0.921637 	 0.501850 	 -0.898885 	 0.691234 
6.342850 	 2.785225 	 -7.691354 	 -0.226192 	 -0.017641 	 -0.687716 	 -1.190300 	 0.262214 
7.777710 	 3.403383 	 -5.478468 	 -0.583689 	 -0.142306 	 1.053798 	 -3.603776 	 0.735718 
7.687276 	 3.030549 	 -5.346501 	 0.458214 	 -0.696291 	 0.090898 	 -4.102264 	 0.351522 
7.653624 	 3.840183 	 -5.679844 	 0.755070 	 -0.053498 	 -0.265859 	 -2.791988 	 0.321837 
8.587624 	 1.616375 	 -5.768384 	 0.333654 	 0.195144 	 0.601788 	 -1.661822 	 0.255777 
7.538506 	 5.500665 	 -2.615771 	 0.295258 	 0.096532 	 -0.014549 	 -0.873612 	 0.048354 
7.596318 	 2.867048 	 -5.155798 	 -0.281185 	 -0.533656 	 -0.719469 	 -3.801223 	 0.440744 
8.326555 	 3.058922 	 -6.259970 	 -0.329229 	 -0.088084 	 0.080683 	 -2.443971 	 0.061330 
7.713627 	 3.557489 	 -5.973613 	 0.561924 	 1.176567 	 0.283292 	 -2.857995 	 0.890161 
2.248660 	 4.345162 	 -2.591122 	 0.293897 	 -0.069595 	 0.212151 	 -0.536736 	 0.068113 
6.804181 	 -0.531938 	 -3.744394 	 0.251495 	 0.629778 	 -0.265179 	 -0.809873 	 0.265095 
7.761739 	 3.016615 	 -5.677524 	 -1.061283 	 -0.156117 	 0.728321 	 -3.795338 	 0.840572 
7.868937 	 3.519277 	 -6.056378 	 -0.476367 	 0.112921 	 -0.079892 	 -2.789377 	 0.123030 
-17.578458 	 15.223402 	 -15.477917 	 -0.026230 	 0.044848 	 -0.065379 	 -0.123426 	 0.003487 
7.641991 	 2.968715 	 -5.726682 	 0.078894 	 -0.070618 	 -1.002522 	 -3.761999 	 0.508131 
9.726920 	 -3.778911 	 -6.102276 	 -0.178897 	 -0.013964 	 0.009328 	 -0.472210 	 0.016143 
-141.984133 	 -153.926305 	 65.041450 	 -1.028295 	 -1.113760 	 0.467222 	 -0.020073 	 1.258074 
7.263368 	 2.725210 	 -4.970949 	 -0.535644 	 0.091278 	 -0.630724 	 -3.130053 	 0.346529 
2.017434 	 62.985440 	 70.418192 	 0.020918 	 0.386667 	 0.440388 	 -0.042954 	 0.171946 
8.971791 	 1.750017 	 -4.719858 	 0.324576 	 0.279638 	 0.039703 	 -1.496506 	 0.092561 
7.134065 	 2.523525 	 -5.442351 	 -0.005506 	 -0.562826 	 0.201289 	 -2.855124 	 0.178660 
8.822639 	 3.415002 	 -5.283140 	 -0.824313 	 -0.355854 	 -1.497483 	 -2.275398 	 1.524289 
7.465846 	 2.710363 	 -5.452310 	 1.072388 	 -0.779811 	 -0.147371 	 -3.524542 	 0.889920 
31.470038 	 -165.623278 	 -82.222032 	 0.228952 	 -1.177949 	 -0.588468 	 -0.023271 	 0.893139 
7.777306 	 3.360323 	 -5.329714 	 -0.058142 	 1.422324 	 0.108895 	 -3.705899 	 1.019122 
7.219487 	 3.093843 	 -4.874631 	 0.087642 	 -0.598851 	 -0.202056 	 -3.027188 	 0.203565 
7.880387 	 2.922723 	 -5.942193 	 -1.184365 	 -0.138375 	 -1.075407 	 -3.210600 	 1.289184 
8.332586 	 2.812310 	 -5.318689 	 -1.102085 	 0.212022 	 0.783412 	 -2.978571 	 0.936640 
7.824121 	 2.328562 	 -5.526594 	 0.919731 	 -0.559054 	 -0.517710 	 -2.916246 	 0.713235 
-19.579453 	 7.688524 	 82.118627 	 -0.120037 	 0.056903 	 0.493680 	 -0.044794 	 0.130683 
7.895618 	 2.742458 	 -4.853104 	 -0.294753 	 0.515903 	 0.057866 	 -3.350887 	 0.178192 
6.992821 	 3.779227 	 -5.988011 	 -0.288272 	 0.540848 	 0.097965 	 -2.225457 	 0.192607 
6.507714 	 2.612108 	 -5.243571 	 0.226624 	 0.782676 	 0.397260 	 -2.115773 	 0.410878 
155.834514 	 51.493904 	 -1.177326 	 1.119218 	 0.316134 	 0.012689 	 -0.052321 	 0.676375 
8.258433 	 3.541662 	 -3.839189 	 0.336811 	 -0.316356 	 0.321531 	 -1.678977 	 0.158453 
4.851549 	 4.148201 	 -2.517773 	 0.236216 	 0.257936 	 0.307009 	 -0.777373 	 0.108292 
-53.710559 	 -159.186068 	 12.238256 	 -0.369877 	 -1.125551 	 0.087763 	 -0.026094 	 0.705688 
7.763153 	 2.563323 	 -5.102263 	 -0.433576 	 0.804432 	 -1.481446 	 -3.286282 	 1.514891 
7.927214 	 3.128847 	 -5.113669 	 -0.663846 	 -0.138272 	 -0.662409 	 -3.680502 	 0.449298 
7.820640 	 3.571781 	 -5.684582 	 -0.482452 	 -0.169186 	 0.096124 	 -3.238915 	 0.135312 
8.698048 	 2.117880 	 -5.082614 	 0.052469 	 -0.611187 	 0.774179 	 -1.911316 	 0.487828 
7.141384 	 2.455395 	 -5.815955 	 -0.498419 	 0.400188 	 0.415752 	 -2.613312 	 0.290711 
8.519199 	 3.402027 	 -5.707548 	 0.752932 	 0.516216 	 1.242611 	 -2.589043 	 1.188734 
7.687351 	 3.553476 	 -5.313349 	 0.549414 	 -1.921288 	 0.356748 	 -3.300663 	 2.060237 
-48.550714 	 42.381559 	 212.747534 	 -0.371968 	 0.344649 	 1.571973 	 -0.028772 	 1.364121 
-107.047443 	 4.162755 	 -54.291879 	 -0.717810 	 0.010067 	 -0.362722 	 -0.035577 	 0.323460 
-62.672673 	 7.307097 	 -56.302680 	 -0.371731 	 0.038536 	 -0.335666 	 -0.048071 	 0.126170 
7.126229 	 3.402844 	 -6.161899 	 -0.077997 	 0.555971 	 -0.555439 	 -2.478659 	 0.311850 
40.873971 	 -154.548777 	 107.387917 	 0.287441 	 -1.091925 	 0.748696 	 -0.023820 	 0.917734 
6.905133 	 1.455808 	 -4.553024 	 0.060185 	 -1.343704 	 0.281964 	 -1.523309 	 0.944334 
7.688355 	 3.358146 	 -5.703500 	 0.829247 	 -0.794401 	 -0.733546 	 -3.506134 	 0.928406 
7.973850 	 3.329086 	 -5.228863 	 0.145333 	 -0.031341 	 -0.374222 	 -3.545289 	 0.081073 
7.708599 	 3.020140 	 -5.111127 	 -0.543272 	 0.337566 	 -0.654113 	 -3.816157 	 0.418480 
8.049905 	 3.197200 	 -4.108564 	 0.529521 	 0.001797 	 1.520180 	 -2.028319 	 1.295671 
10.326329 	 2.974719 	 -6.895057 	 0.387416 	 0.245629 	 -0.407627 	 -1.067550 	 0.188292 
-17.457713 	 -218.891745 	 -6.762452 	 -0.118817 	 -1.596557 	 -0.027726 	 -0.026066 	 1.281941 
6.459131 	 1.810855 	 -5.786007 	 0.516575 	 0.237222 	 -0.701623 	 -1.614064 	 0.407700 
7.982807 	 3.370123 	 -5.922555 	 -0.636884 	 0.712091 	 -0.037233 	 -3.136535 	 0.457041 
8.169048 	 3.823837 	 -5.752469 	 -0.072294 	 0.230028 	 -1.110412 	 -2.517412 	 0.645577 
8.700512 	 3.171458 	 -6.406140 	 -0.320260 	 -0.097962 	 0.384728 	 -1.981561 	 0.130089 
155.820303 	 51.674799 	 -1.194239 	 1.066034 	 0.387233 	 -0.038430 	 -0.052313 	 0.643927 
37.142312 	 -153.074089 	 101.903134 	 0.272878 	 -1.095758 	 0.724449 	 -0.024476 	 0.899987 
7.682624 	 2.664387 	 -5.681201 	 0.431942 	 -0.847050 	 0.515362 	 -3.446060 	 0.584833 
7.706268 	 2.509378 	 -5.274641 	 0.408246 	 -0.772064 	 -1.301988 	 -3.343927 	 1.228961 
6.733057 	 2.883946 	 -5.389173 	 0.877440 	 -0.334336 	 -1.315841 	 -2.536917 	 1.306559 
6.617068 	 2.673590 	 -5.633707 	 0.320495 	 0.179450 	 0.118416 	 -2.281487 	 0.074471 
7.722294 	 3.300163 	 -5.060561 	 0.026677 	 -0.320784 	 1.407538 	 -3.451010 	 1.042389 
5.386332 	 4.390830 	 -4.628912 	 -0.011114 	 -0.233476 	 0.489506 	 -1.106555 	 0.147125 
8.255617 	 3.022610 	 -5.158672 	 -0.905651 	 -1.535545 	 -0.840637 	 -3.251388 	 1.942385 
7.730408 	 3.534997 	 -5.388266 	 0.456065 	 -1.480763 	 -0.304516 	 -3.386470 	 1.246692 
8.377362 	 2.998826 	 -6.046408 	 1.512545 	 0.047439 	 0.446923 	 -2.599861 	 1.244892 
8.600777 	 2.390089 	 -7.054821 	 -0.085458 	 0.000196 	 0.293430 	 -1.519291 	 0.046702 
7.594612 	 3.148093 	 -5.361260 	 0.268751 	 0.243110 	 0.585356 	 -4.083436 	 0.236985 
7.695842 	 1.661668 	 -3.723597 	 -0.041341 	 -0.547742 	 0.310377 	 -1.404154 	 0.199032 
4.740154 	 2.999108 	 -11.091028 	 -0.100264 	 0.099946 	 0.150875 	 -0.528955 	 0.021403 
7.626911 	 2.701614 	 -5.813452 	 -0.749291 	 -0.335252 	 -0.416414 	 -3.334566 	 0.423616 
-36.937509 	 57.493894 	 64.918934 	 -0.198943 	 0.333143 	 0.394876 	 -0.043872 	 0.153245 
7.835967 	 3.341805 	 -4.363173 	 -1.292600 	 0.008991 	 0.998029 	 -2.350934 	 1.333478 
7.951456 	 2.990619 	 -5.168806 	 -1.252537 	 -0.045401 	 1.200406 	 -3.698975 	 1.505943 
95.547611 	 16.742095 	 20.803677 	 0.611336 	 0.159768 	 0.075120 	 -0.047800 	 0.202450 
5.187526 	 2.803273 	 -4.813244 	 0.369054 	 -0.024297 	 -0.158834 	 -1.199247 	 0.081010 
7.885616 	 3.329442 	 -5.923073 	 1.014330 	 -1.229948 	 0.210347 	 -3.196935 	 1.292942 
7.482454 	 2.142657 	 -5.562472 	 -0.385286 	 1.051953 	 -0.165542 	 -2.601045 	 0.641227 
6.954213 	 3.739390 	 -5.359001 	 1.327635 	 -0.613818 	 0.018539 	 -2.396906 	 1.069865 
7.412898 	 4.665470 	 -6.772812 	 0.477482 	 -0.944730 	 0.443408 	 -1.463071 	 0.658557 
-193.855085 	 -92.208904 	 7.573180 	 -1.386613 	 -0.692758 	 0.133880 	 -0.058212 	 1.210267 
7.721906 	 2.289503 	 -5.933366 	 0.227414 	 -0.300277 	 0.398837 	 -2.626711 	 0.150477 
8.141561 	 3.206595 	 -5.394533 	 -0.358980 	 0.749120 	 -0.853311 	 -3.453200 	 0.709094 
8.377369 	 3.783112 	 -4.652774 	 -0.248110 	 -0.195125 	 0.598025 	 -2.170474 	 0.228633 
7.759889 	 3.143567 	 -6.098454 	 0.218064 	 -0.999240 	 0.741614 	 -2.992048 	 0.798012 
12.983946 	 4.475434 	 -4.644919 	 -0.363179 	 0.183712 	 0.366026 	 -0.610570 	 0.149812 
46.787346 	 -135.726914 	 101.662510 	 0.337267 	 -0.966794 	 0.711341 	 -0.025296 	 0.777223 
9.255621 	 3.778171 	 -6.165931 	 -0.334689 	 0.315749 	 0.508052 	 -1.587655 	 0.234916 
8.850906 	 2.806814 	 -5.511211 	 -0.812293 	 -0.805583 	 0.592057 	 -2.233099 	 0.829658 
7.594262 	 3.140504 	 -6.014608 	 -0.241148 	 -0.063239 	 -0.512421 	 -3.166722 	 0.162363 
7.334054 	 3.521116 	 -5.211574 	 -1.390730 	 0.033532 	 0.748134 	 -3.002111 	 1.247480 
8.181094 	 2.297968 	 -4.325804 	 -1.415138 	 -0.431217 	 -0.206433 	 -1.974893 	 1.115589 
5.050260 	 13.008929 	 -7.799989 	 -0.039335 	 -0.206399 	 -0.021521 	 -0.327517 	 0.022305 
16.274850 	 -75.328240 	 44.021562 	 0.158530 	 -0.506432 	 0.137496 	 -0.096421 	 0.150255 
9.631218 	 40.229807 	 81.386030 	 0.081714 	 0.253979 	 0.490156 	 -0.044133 	 0.155717 
108.647141 	 27.430369 	 202.888813 	 0.784624 	 0.197544 	 1.462582 	 -0.019357 	 1.396902 
28.804491 	 -208.835224 	 51.062176 	 0.204317 	 -1.500511 	 0.374146 	 -0.020890 	 1.216632 
14.312657 	 6.866003 	 -6.303826 	 -0.037603 	 0.042734 	 -0.260611 	 -0.446547 	 0.035579 
7.540851 	 2.181337 	 -4.693370 	 -1.513717 	 0.288246 	 -1.041302 	 -2.316576 	 1.729367 
7.681512 	 2.942766 	 -5.658803 	 -0.269768 	 0.055701 	 0.098503 	 -3.833384 	 0.042790 
100.499472 	 -67.280896 	 72.823220 	 0.698063 	 -0.451780 	 0.496833 	 -0.030565 	 0.469120 
6.800205 	 -1.779073 	 10.469134 	 -0.012568 	 -0.083105 	 0.243324 	 -0.213877 	 0.033135 
7.727123 	 3.632740 	 -5.715347 	 1.194511 	 0.402525 	 0.376507 	 -3.078094 	 0.865320 
7.582508 	 3.947942 	 -5.935765 	 -0.302903 	 -0.675886 	 -0.147917 	 -2.392102 	 0.285225 
7.283900 	 2.537635 	 -5.171283 	 -0.678180 	 0.191654 	 -1.854318 	 -3.107030 	 1.967577 
6.997119 	 1.255442 	 -3.381101 	 0.031974 	 -0.214636 	 0.578801 	 -1.132801 	 0.191051 
7.347648 	 4.125945 	 -6.248252 	 0.205840 	 0.860411 	 -0.379268 	 -1.942909 	 0.463261 
189.367357 	 -56.237568 	 -4.687131 	 1.346769 	 -0.412129 	 -0.034075 	 -0.022785 	 0.992399 
9.693475 	 3.938705 	 -7.889211 	 0.634420 	 0.104292 	 -0.524310 	 -0.993550 	 0.344133 
16.901216 	 -74.657910 	 43.356080 	 0.152702 	 -0.464531 	 0.228322 	 -0.060051 	 0.145619 
5.354125 	 2.392139 	 -6.868427 	 0.239351 	 -0.200950 	 -0.187802 	 -1.110300 	 0.066470 
-67.790443 	 20.825922 	 -71.082490 	 -0.432957 	 0.139708 	 -0.431661 	 -0.042102 	 0.196651 
7.541605 	 2.849265 	 -5.674617 	 0.617511 	 -0.371394 	 -0.251039 	 -3.655187 	 0.291137 
7.634806 	 2.495408 	 -5.420362 	 1.112725 	 -0.313279 	 1.094678 	 -3.304942 	 1.267310 
8.290741 	 2.542126 	 -5.158669 	 0.692245 	 1.147270 	 -0.249273 	 -2.733318 	 0.928785 
5.443098 	 2.315724 	 -4.543660 	 0.240099 	 0.259749 	 0.644125 	 -1.226861 	 0.270007 
8.101723 	 3.511587 	 -5.131889 	 0.320276 	 -0.383848 	 -0.642232 	 -3.070973 	 0.331189 
27.787809 	 11.163825 	 0.590502 	 0.239745 	 0.038699 	 0.068877 	 -0.160947 	 0.031860 
7.890662 	 3.624796 	 -5.699757 	 0.166021 	 0.693247 	 -0.788280 	 -3.197657 	 0.564771 
9.396863 	 3.017779 	 -4.258103 	 -0.520610 	 0.011251 	 -0.867814 	 -1.473381 	 0.512131 
7.878505 	 2.621264 	 -6.072259 	 0.380449 	 1.462689 	 -0.012372 	 -2.809040 	 1.142177 
8.428042 	 2.833582 	 -5.689962 	 0.537157 	 -0.213680 	 0.724657 	 -2.759217 	 0.429662 
67.193689 	 145.775347 	 -26.978301 	 0.475810 	 1.016406 	 -0.192349 	 -0.027113 	 0.648238 
7.500361 	 2.802735 	 -6.159359 	 -0.332765 	 0.873277 	 0.014169 	 -2.889756 	 0.436773 
7.418567 	 4.440569 	 -5.586586 	 -0.292648 	 1.108618 	 0.001489 	 -1.874058 	 0.657340 
7.767181 	 2.503434 	 -5.526428 	 -0.821219 	 0.023507 	 0.051535 	 -3.356015 	 0.338805 
11.426343 	 4.623981 	 -8.882788 	 -0.169330 	 0.134749 	 0.096534 	 -0.636774 	 0.028074 
-175.447629 	 -93.469816 	 9.194910 	 -1.278475 	 -0.656364 	 0.060626 	 -0.023110 	 1.034494 
6.745422 	 3.536716 	 -4.995523 	 -1.115288 	 -0.320748 	 0.295916 	 -2.195371 	 0.717156 
7.562949 	 2.549594 	 -5.228317 	 0.917797 	 1.304379 	 0.190742 	 -3.356706 	 1.290069 
8.155010 	 1.704939 	 -6.871217 	 0.409710 	 -0.790975 	 -0.771316 	 -1.485699 	 0.694216 
7.364727 	 3.141531 	 -5.683710 	 -0.294626 	 -0.484034 	 -0.635422 	 -3.531923 	 0.362427 
-196.877619 	 -18.228129 	 -130.538752 	 -1.416555 	 -0.124661 	 -0.950731 	 -0.019478 	 1.463029 
7.518972 	 2.345900 	 -6.349523 	 0.056264 	 0.656894 	 -0.174835 	 -2.227297 	 0.232621 
156.324554 	 -48.200491 	 -84.532806 	 1.111494 	 -0.329672 	 -0.597879 	 -0.024439 	 0.850781 
-121.199311 	 10.515885 	 -33.044911 	 -0.815956 	 0.083793 	 -0.243729 	 -0.033822 	 0.366105 
59.555073 	 -72.780161 	 29.783245 	 0.385646 	 -0.454363 	 0.174586 	 -0.042406 	 0.192824 
8.076030 	 3.477000 	 -5.898840 	 -0.900125 	 -1.198135 	 -0.424055 	 -2.975937 	 1.212788 
12.143871 	 6.483781 	 -6.392981 	 -0.398012 	 -0.289470 	 0.068488 	 -0.592487 	 0.123449 
43.830402 	 85.376178 	 -94.548725 	 0.298771 	 0.572210 	 -0.642149 	 -0.032794 	 0.414522 
11.046362 	 4.126347 	 0.446535 	 -0.073450 	 -0.056336 	 -0.617441 	 -0.497991 	 0.194901 
6.288539 	 2.521417 	 -4.959538 	 -1.643946 	 -0.339283 	 -0.054247 	 -1.889763 	 1.410307 
193.404133 	 9.689631 	 -85.758967 	 1.390236 	 0.074646 	 -0.608326 	 -0.021369 	 1.154194 
8.197792 	 3.059741 	 -5.457056 	 0.114432 	 0.890259 	 -0.059483 	 -3.362430 	 0.404597 
-118.724176 	 -30.233410 	 -81.551804 	 -0.835336 	 -0.228191 	 -0.586237 	 -0.039327 	 0.546766 
7.480597 	 2.337106 	 -5.740899 	 1.245268 	 0.449120 	 -0.539122 	 -2.819504 	 1.021526 
7.443134 	 2.532804 	 -5.614179 	 0.909291 	 0.103918 	 1.553803 	 -3.226351 	 1.625956 
5.497208 	 2.697060 	 -8.482145 	 -0.386266 	 -0.371953 	 -0.246048 	 -0.861788 	 0.174045 
6.954803 	 5.086760 	 -9.559070 	 0.039770 	 0.153925 	 -0.346950 	 -0.717987 	 0.072825 
7.093066 	 3.236662 	 -5.347190 	 0.725606 	 -1.476974 	 -0.768323 	 -3.197556 	 1.649138 
9.487506 	 3.395946 	 -6.110231 	 0.183996 	 0.480430 	 -0.467354 	 -1.557640 	 0.241544 
6.120211 	 3.018290 	 -5.918593 	 0.999606 	 -0.224497 	 -0.358106 	 -1.793194 	 0.588925 
-24.592027 	 101.551338 	 -30.439788 	 -0.154780 	 0.656952 	 -0.199947 	 -0.038423 	 0.247761 
7.714902 	 7.640408 	 -0.170694 	 0.248737 	 0.213755 	 -0.048349 	 -0.490183 	 0.054950 
8.257791 	 3.258638 	 -5.878182 	 -0.482266 	 0.947755 	 -0.256754 	 -2.880488 	 0.598372 
8.084364 	 3.133146 	 -5.768650 	 -0.376961 	 -0.080453 	 -0.610395 	 -3.328869 	 0.260577 
7.921549 	 5.282570 	 -6.334085 	 -0.290114 	 -1.128503 	 -0.307865 	 -1.276921 	 0.726233 
9.863671 	 2.739828 	 -5.803125 	 0.152157 	 0.286011 	 -0.519591 	 -1.390101 	 0.187464 
8.424503 	 3.916685 	 -4.782612 	 -0.260679 	 -0.122202 	 0.158747 	 -2.119786 	 0.054044 
8.408221 	 3.263178 	 -6.578849 	 0.745304 	 -1.141589 	 -0.237656 	 -2.017694 	 0.957592 
-45.461296 	 17.270988 	 -56.104208 	 -0.230584 	 0.107845 	 -0.314767 	 -0.058039 	 0.081939 
60.456914 	 -103.379363 	 34.095073 	 0.412090 	 -0.687752 	 0.238979 	 -0.034299 	 0.349966 
-20.408547 	 -126.095095 	 18.601712 	 -0.114243 	 -0.849649 	 0.164494 	 -0.039914 	 0.381006 
-100.814689 	 -26.419874 	 220.967835 	 -0.729008 	 -0.189294 	 1.605523 	 -0.018068 	 1.572495 
9.880160 	 3.000031 	 -5.310772 	 -0.090686 	 0.369210 	 -0.880413 	 -1.410114 	 0.459834 
8.060233 	 2.934919 	 -3.596650 	 1.017334 	 -0.124968 	 0.428754 	 -1.600487 	 0.617207 
7.263715 	 3.358027 	 -5.800372 	 0.275003 	 -0.231792 	 -0.058270 	 -3.046421 	 0.066375 
8.766994 	 6.292578 	 -4.011712 	 0.254609 	 0.271491 	 -0.118031 	 -0.876659 	 0.076232 
11.399967 	 1.030865 	 -8.461721 	 -0.414360 	 0.251591 	 0.019627 	 -0.638953 	 0.117689 
5.329727 	 4.816587 	 -2.891230 	 -0.011039 	 0.196028 	 -0.067980 	 -0.833909 	 0.021585 
-139.363476 	 70.491090 	 -28.240267 	 -0.976077 	 0.485334 	 -0.209607 	 -0.027209 	 0.616105 
-15.669881 	 206.595723 	 78.553405 	 -0.105774 	 1.489261 	 0.558205 	 -0.020153 	 1.270340 
27.516645 	 -45.703407 	 25.433373 	 0.142110 	 -0.202981 	 0.103695 	 -0.064745 	 0.036075 
70.606713 	 40.118125 	 101.185115 	 0.479802 	 0.276209 	 0.684942 	 -0.033133 	 0.387823 
8.158839 	 2.355446 	 -6.534397 	 0.417376 	 1.425012 	 -0.096421 	 -1.987474 	 1.107080 
16.361347 	 -75.379134 	 43.959755 	 -0.027525 	 -0.433864 	 0.390368 	 -0.095781 	 0.170691 
7.398684 	 2.895231 	 -6.116640 	 0.828238 	 -0.536979 	 0.502275 	 -2.915339 	 0.613302 
16.524406 	 7.914973 	 -1.294061 	 0.052224 	 0.143616 	 -0.130500 	 -0.319939 	 0.020192 
-34.232538 	 -183.785822 	 -30.587278 	 -0.241035 	 -1.310060 	 -0.209170 	 -0.023580 	 0.909054 
7.369687 	 2.755943 	 -5.081085 	 0.516398 	 0.157546 	 0.210701 	 -3.478625 	 0.167941 
163.808505 	 -90.487469 	 -33.328226 	 1.159397 	 -0.649074 	 -0.242433 	 -0.023735 	 0.912137 
7.956797 	 3.214699 	 -5.298383 	 0.926488 	 -0.071622 	 0.129611 	 -3.765130 	 0.440154 
8.131989 	 3.408295 	 -5.909588 	 -0.705551 	 0.298737 	 0.712105 	 -2.963156 	 0.547070 
7.230744 	 3.028118 	 -5.141755 	 -0.029196 	 0.981790 	 -0.257938 	 -3.321869 	 0.515648 
-20.489625 	 -125.707608 	 19.080890 	 -0.153747 	 -0.864878 	 0.097048 	 -0.039972 	 0.390535 
7.739736 	 2.591375 	 -6.086952 	 0.172934 	 0.317120 	 -0.276038 	 -2.868246 	 0.103334 
-24.722455 	 150.728184 	 164.953614 	 -0.182079 	 1.078904 	 1.197145 	 -0.020260 	 1.315172 
8.356199 	 3.034345 	 -5.298809 	 0.081769 	 0.559575 	 -1.010511 	 -3.056262 	 0.670471 
3.378871 	 -62.944517 	 73.017987 	 0.033216 	 -0.404813 	 0.451895 	 -0.041339 	 0.184593 
7.814247 	 1.355269 	 -4.735761 	 -0.310883 	 -1.165857 	 0.318193 	 -1.611004 	 0.778559 
7.962234 	 0.912309 	 -4.345924 	 0.069924 	 0.538825 	 -0.205345 	 -1.288296 	 0.168694 
7.219432 	 3.022201 	 -5.710780 	 0.288095 	 -1.319880 	 0.316935 	 -3.382575 	 0.962765 
-170.362252 	 3.073865 	 -127.665730 	 -1.218837 	 0.014351 	 -0.915628 	 -0.021709 	 1.162072 
9.143342 	 4.771877 	 -8.217699 	 0.244108 	 0.154654 	 0.339802 	 -0.921157 	 0.099486 
6.303110 	 1.101854 	 -7.172698 	 -0.060373 	 0.086285 	 0.313474 	 -1.057617 	 0.054678 
8.974962 	 3.131136 	 -2.216132 	 -0.308091 	 -0.224534 	 0.898407 	 -0.941149 	 0.476235 
8.044124 	 2.399903 	 -4.238832 	 0.051222 	 0.292083 	 0.404292 	 -2.010809 	 0.125694 
83.187388 	 22.193636 	 -52.519526 	 0.502370 	 0.131805 	 -0.357514 	 -0.047242 	 0.198782 
-3.439315 	 -14.610227 	 -17.576212 	 0.040483 	 0.072877 	 -0.029962 	 -0.149673 	 0.003924 
8.023327 	 2.091259 	 -12.663305 	 0.151718 	 -0.110127 	 -0.255740 	 -0.466487 	 0.050275 
-68.100305 	 136.235683 	 184.805338 	 -0.483676 	 0.997992 	 1.352708 	 -0.020100 	 1.529874 
7.498755 	 3.280486 	 -5.528687 	 -0.702660 	 1.020157 	 0.154809 	 -3.705027 	 0.779208 
8.191196 	 3.498143 	 -4.536838 	 0.421371 	 -0.346456 	 -0.499565 	 -2.366537 	 0.273576 
7.705327 	 4.066874 	 -4.865196 	 0.541314 	 1.194435 	 0.625990 	 -2.198995 	 1.055780 
7.878757 	 5.462017 	 -6.007685 	 0.124485 	 0.006216 	 -0.080212 	 -1.239319 	 0.010985 
5.977445 	 3.326733 	 -6.332438 	 0.007250 	 -0.812154 	 -0.330720 	 -1.531601 	 0.384512 
7.910484 	 3.335420 	 -5.587190 	 1.811979 	 0.054493 	 0.779988 	 -3.639435 	 1.947310 
7.661242 	 2.954800 	 -6.860023 	 0.525635 	 -0.536664 	 0.278220 	 -1.954685 	 0.320853 
-201.510651 	 -29.442438 	 -35.869333 	 -1.449297 	 -0.203158 	 -0.273502 	 -0.022525 	 1.108270 
7.879447 	 2.941370 	 -4.471593 	 -0.236821 	 1.223418 	 -0.843354 	 -2.572719 	 1.132041 
-0.319909 	 -1.691457 	 -4.034033 	 0.227166 	 0.035173 	 -0.180692 	 -0.364392 	 0.042746 
0.478235 	 -0.807649 	 -0.231925 	 -0.129237 	 -0.208330 	 0.358800 	 -0.355449 	 0.094421 
97.163673 	 57.173679 	 -53.400278 	 0.655098 	 0.362195 	 -0.356598 	 -0.036066 	 0.343750 
6.607141 	 5.551726 	 -8.748098 	 0.028871 	 0.238880 	 -0.416793 	 -0.774100 	 0.115807 
7.237611 	 3.204580 	 -5.157415 	 0.708429 	 1.535351 	 -0.371144 	 -3.297851 	 1.498461 
8.075195 	 2.112794 	 -3.469123 	 0.007746 	 0.041638 	 -0.481021 	 -1.396760 	 0.116588 
7.279886 	 3.721388 	 -4.390561 	 0.538526 	 0.635858 	 -0.697763 	 -2.039970 	 0.590600 
8.253758 	 2.781965 	 -6.046671 	 0.541544 	 -0.332125 	 -0.366236 	 -2.683025 	 0.268853 
11.964804 	 7.156826 	 -0.229918 	 -0.226045 	 -0.185925 	 -0.241369 	 -0.436334 	 0.071962 
-200.485281 	 -28.971137 	 104.863198 	 -1.450140 	 -0.207659 	 0.753470 	 -0.019199 	 1.356873 
8.127037 	 3.563039 	 -6.254644 	 -0.019937 	 -0.852592 	 0.717597 	 -2.374417 	 0.621128 
8.158916 	 3.113125 	 -4.890235 	 -0.481523 	 -0.912697 	 -0.533625 	 -3.022560 	 0.674818 
7.191849 	 2.813425 	 -5.599011 	 0.780395 	 0.314165 	 0.740517 	 -3.238844 	 0.628040 
8.208916 	 3.477018 	 -5.118456 	 0.536975 	 -0.671539 	 -0.803526 	 -2.975859 	 0.692481 
7.986120 	 4.131552 	 -5.380652 	 -1.395628 	 -1.103797 	 -0.146093 	 -2.419349 	 1.593745 
20.130569 	 23.007997 	 -10.614619 	 0.031771 	 0.031009 	 -0.023561 	 -0.150489 	 0.001263 
7.671405 	 2.636150 	 -6.102929 	 0.576722 	 -0.479294 	 0.038847 	 -2.922624 	 0.281920 
8.776385 	 3.405689 	 -4.125594 	 -0.037344 	 -0.435734 	 -1.003619 	 -1.702374 	 0.599254 
8.196710 	 2.772276 	 -4.653212 	 -0.901172 	 0.161821 	 1.199919 	 -2.590627 	 1.139051 
7.515916 	 3.120575 	 -5.404199 	 -1.418970 	 0.999962 	 -1.187309 	 -3.950462 	 2.211551 
7.512927 	 2.460072 	 -6.608175 	 -0.536724 	 -0.361099 	 0.052923 	 -2.059224 	 0.210633 
7.032136 	 3.416008 	 -5.015371 	 -0.015451 	 -0.140247 	 0.520631 	 -2.639304 	 0.145482 
7.207140 	 3.297244 	 -5.629063 	 -0.128219 	 1.179988 	 -0.917804 	 -3.218026 	 1.125588 
7.653669 	 2.198040 	 -5.519811 	 0.272181 	 -0.176575 	 0.326866 	 -2.728026 	 0.106051 
5.788990 	 4.341226 	 -5.405895 	 0.981895 	 -0.341553 	 -0.088300 	 -1.300967 	 0.544287 
8.161808 	 3.631132 	 -4.984631 	 0.192201 	 -0.158252 	 -0.522579 	 -2.789345 	 0.167537 
8.085736 	 3.684647 	 -4.036878 	 0.601200 	 0.623027 	 -0.048841 	 -1.817164 	 0.375995 
-2.228659 	 -109.388725 	 51.510403 	 -0.002923 	 -0.734576 	 0.338339 	 -0.034712 	 0.327042 
7.617327 	 3.161511 	 -4.958038 	 -0.312977 	 -1.538462 	 -0.218881 	 -3.431264 	 1.256364 
7.943832 	 3.172126 	 -5.492828 	 0.185202 	 -0.489575 	 -0.003546 	 -3.833086 	 0.136998 
-123.417969 	 -52.520785 	 -58.602609 	 -0.855017 	 -0.306982 	 -0.454235 	 -0.036285 	 0.515811 
7.351819 	 2.847087 	 -5.102402 	 -0.364136 	 -0.578559 	 -0.125457 	 -3.509121 	 0.241532 
26.042374 	 -8.388097 	 -12.232571 	 0.383678 	 -0.185036 	 -0.216023 	 -0.158769 	 0.114056 
7.634524 	 2.990446 	 -5.539693 	 0.243406 	 0.291064 	 0.205547 	 -4.034971 	 0.093107 
8.898266 	 3.282702 	 -5.250765 	 -1.706397 	 -0.160145 	 -0.421003 	 -2.222169 	 1.557340 
8.004447 	 2.137688 	 -6.831257 	 -0.901128 	 0.777993 	 0.174868 	 -1.715276 	 0.723942 
8.891148 	 3.111222 	 -6.232340 	 -0.576461 	 0.161210 	 1.372958 	 -1.942137 	 1.121654 
45.799584 	 170.423897 	 -113.541324 	 0.330585 	 1.220891 	 -0.813159 	 -0.021343 	 1.130545 
7.907104 	 2.488686 	 -5.223429 	 -1.926205 	 0.383059 	 -0.422842 	 -3.133138 	 2.017897 
7.754788 	 2.433221 	 -5.599137 	 -0.158207 	 0.226469 	 1.356845 	 -3.162157 	 0.958673 
7.075716 	 4.575092 	 -7.312390 	 -0.315613 	 0.434627 	 -0.158014 	 -1.254359 	 0.156740 
6.824205 	 3.099688 	 -5.606032 	 1.510422 	 1.329684 	 0.008846 	 -2.648101 	 2.024756 
6.481354 	 3.805551 	 -5.700067 	 -0.729087 	 0.338739 	 -1.135861 	 -1.877302 	 0.968246 
8.945540 	 3.411249 	 -5.908664 	 0.863252 	 0.534213 	 -0.494488 	 -1.997095 	 0.637553 
7.420357 	 3.110210 	 -4.811206 	 0.727974 	 -0.803366 	 -0.850685 	 -3.077518 	 0.949504 
8.572715 	 1.783914 	 -7.046329 	 0.005453 	 -0.393803 	 -0.700513 	 -1.368628 	 0.322914 
-163.885412 	 6.233568 	 127.903469 	 -1.184403 	 0.046431 	 0.920566 	 -0.020786 	 1.126203 
6.994451 	 3.251592 	 -5.837147 	 0.607773 	 -0.316128 	 -1.569277 	 -2.731869 	 1.465977 
-41.459592 	 -116.400088 	 5.845757 	 -0.275716 	 -0.787284 	 0.052199 	 -0.033595 	 0.349280 
7.999044 	 2.927677 	 -4.635473 	 -0.263280 	 0.259394 	 0.542041 	 -2.784429 	 0.215205 
4.958502 	 4.930742 	 -6.257794 	 0.394903 	 0.006032 	 -0.070866 	 -0.925388 	 0.080503 
-15.573521 	 191.814486 	 69.182151 	 -0.106477 	 1.376116 	 0.497699 	 -0.021720 	 1.076369 
7.425067 	 2.725519 	 -5.007776 	 -0.322727 	 1.483331 	 0.254745 	 -3.429277 	 1.184659 
9.847598 	 3.990293 	 -5.157813 	 0.607534 	 -0.135557 	 0.416413 	 -1.325320 	 0.280436 
44.954108 	 217.865904 	 -59.546478 	 0.325592 	 1.572797 	 -0.434590 	 -0.019426 	 1.384284 
8.901512 	 3.259792 	 -8.605488 	 -0.032546 	 0.007965 	 0.182728 	 -0.955991 	 0.017256 
7.998482 	 2.031044 	 -5.804607 	 -0.036875 	 -0.213992 	 -0.063913 	 -2.288893 	 0.025619 
-119.672515 	 -23.888510 	 -76.303141 	 -0.816834 	 -0.170952 	 -0.549334 	 -0.032076 	 0.499105 
7.851840 	 3.086085 	 -5.118951 	 0.501144 	 0.990172 	 0.963999 	 -3.756404 	 1.080440 
8.435193 	 0.498425 	 -6.693979 	 0.113277 	 0.185483 	 -0.143722 	 -1.062801 	 0.033946 
7.634466 	 1.870733 	 -5.688450 	 0.745867 	 0.498533 	 -0.133360 	 -2.185308 	 0.411319 
9.735597 	 4.754483 	 -4.638244 	 -0.073574 	 0.009790 	 0.163006 	 -1.140562 	 0.016040 
8.090333 	 3.303698 	 -6.336985 	 -0.274698 	 0.127156 	 -0.009149 	 -2.430395 	 0.045856 
7.982007 	 2.813148 	 -5.554460 	 0.702122 	 -0.674726 	 -0.068643 	 -3.508495 	 0.476471 
7.411010 	 2.593972 	 -6.129712 	 -1.337082 	 0.075561 	 0.710087 	 -2.668137 	 1.148861 
7.470551 	 2.458153 	 -3.646312 	 1.294460 	 -0.359968 	 -0.137973 	 -1.584874 	 0.912120 
7.580659 	 3.213339 	 -5.388134 	 -0.727411 	 -0.796733 	 0.403524 	 -3.970390 	 0.663371 
8.106247 	 3.676050 	 -5.711591 	 -0.262466 	 0.505893 	 -0.835655 	 -2.815448 	 0.511568 
7.483823 	 4.233750 	 -4.797422 	 0.014130 	 -1.005063 	 -0.834632 	 -1.951127 	 0.853481 
7.130354 	 2.960886 	 -5.567722 	 0.057327 	 -0.132452 	 1.212743 	 -3.383330 	 0.745788 
8.445425 	 2.525157 	 -5.999411 	 -0.458379 	 -0.175438 	 0.884359 	 -2.333738 	 0.511491 
6.036921 	 4.231144 	 -6.268136 	 -0.188427 	 -0.277125 	 0.207039 	 -1.358272 	 0.077584 
8.509750 	 3.518874 	 -5.471562 	 -0.435074 	 0.683930 	 -0.319852 	 -2.591973 	 0.379677 
8.487325 	 3.303704 	 -4.687383 	 0.946751 	 0.069202 	 0.293735 	 -2.362578 	 0.493703 
14.056852 	 -12.378700 	 -7.449322 	 0.246193 	 -0.203657 	 -0.127287 	 -0.210989 	 0.059145 
7.480197 	 3.055644 	 -5.842351 	 0.314464 	 -0.234990 	 0.524151 	 -3.478268 	 0.214421 
-21.280102 	 -57.244198 	 12.112893 	 -0.077018 	 -0.285397 	 0.070109 	 -0.058092 	 0.046149 
6.628812 	 3.347123 	 -8.434868 	 0.268921 	 -0.092019 	 0.294656 	 -1.006243 	 0.083804 
7.920853 	 2.143730 	 -4.788989 	 1.139829 	 0.393361 	 -0.213269 	 -2.286170 	 0.749714 
86.659183 	 -14.536169 	 8.008323 	 0.512299 	 -0.095495 	 0.057498 	 -0.049785 	 0.137438 
-100.120238 	 59.528409 	 7.691855 	 -0.668945 	 0.392128 	 0.040729 	 -0.034763 	 0.301455 
19.761022 	 27.475042 	 14.296205 	 0.048307 	 -0.034370 	 -0.083112 	 -0.112286 	 0.005211 
142.386622 	 -74.498306 	 -35.358275 	 0.993001 	 -0.531673 	 -0.247789 	 -0.027331 	 0.665064 
-47.963809 	 -28.440364 	 -195.791867 	 -0.341534 	 -0.196561 	 -1.400387 	 -0.021819 	 1.058183 
7.112834 	 2.949610 	 -5.546803 	 0.527567 	 -0.318302 	 -0.804230 	 -3.344799 	 0.513214 
7.452473 	 1.374930 	 -5.448344 	 0.844124 	 -0.043249 	 0.213896 	 -1.716486 	 0.380084 
7.106034 	 3.305565 	 -5.881477 	 -0.385302 	 0.697952 	 1.222253 	 -2.820015 	 1.064749 
11.408773 	 4.174767 	 -8.116323 	 -0.027362 	 0.294071 	 -0.109130 	 -0.712667 	 0.049568 
7.740717 	 2.796788 	 -5.217836 	 -0.157591 	 -0.949546 	 -0.460848 	 -3.752963 	 0.569427 
6.166826 	 3.073797 	 -5.939921 	 1.294351 	 -0.002597 	 0.437794 	 -1.821932 	 0.933507 
17.868457 	 -71.920462 	 43.472781 	 0.116391 	 -0.447173 	 0.311943 	 -0.052428 	 0.155409 
7.919229 	 3.366093 	 -5.812562 	 0.132299 	 -0.105265 	 -1.286312 	 -3.357158 	 0.841591 
5.248145 	 1.866664 	 -5.318208 	 0.306252 	 0.190068 	 0.009054 	 -1.161644 	 0.064999 
14.442495 	 -3.471844 	 5.714656 	 0.055189 	 0.159059 	 0.046400 	 -0.242658 	 0.015249 
9.336085 	 3.369847 	 -4.079019 	 0.705028 	 -0.225559 	 -1.022192 	 -1.437100 	 0.796409 
8.151542 	 4.671047 	 -2.591901 	 0.425270 	 -0.265587 	 -0.456681 	 -0.981062 	 0.229974 
7.436434 	 2.933896 	 -5.031972 	 1.281162 	 -0.683101 	 -1.187816 	 -3.574221 	 1.759456 
-66.434999 	 -235.000825 	 62.682414 	 -0.477364 	 -1.707238 	 0.454300 	 -0.017923 	 1.674463 
-211.613057 	 -91.759629 	 -16.871860 	 -1.530117 	 -0.654907 	 -0.123392 	 -0.020043 	 1.392694 
7.952183 	 2.852837 	 -5.782477 	 -1.434509 	 0.255757 	 0.158950 	 -3.379671 	 1.074247 
6.754240 	 2.654954 	 -4.772575 	 0.596850 	 0.001733 	 0.405621 	 -2.192205 	 0.260380 
7.116623 	 2.322662 	 -2.058600 	 -0.228998 	 0.085582 	 -0.245237 	 -0.922875 	 0.059953 
7.355318 	 2.913646 	 -5.679610 	 0.572445 	 -0.062374 	 0.304596 	 -3.535467 	 0.212181 
7.421523 	 3.768330 	 -4.424559 	 0.366369 	 -0.381696 	 0.742052 	 -2.087304 	 0.415280 
-189.401274 	 19.274089 	 76.903533 	 -1.361198 	 0.140609 	 0.545635 	 -0.021135 	 1.085174 
9.468734 	 3.523508 	 -5.817115 	 0.814424 	 0.580154 	 -0.257288 	 -1.611128 	 0.533031 
8.351336 	 2.983823 	 -3.530533 	 -0.276687 	 -0.253883 	 -0.523059 	 -1.508246 	 0.207301 
-23.420227 	 -173.862673 	 -5.126906 	 -0.162400 	 -1.234578 	 -0.031829 	 -0.025524 	 0.775785 
11.743550 	 30.655313 	 64.049724 	 0.069162 	 0.180080 	 0.334483 	 -0.056827 	 0.074545 
51.697987 	 82.378559 	 222.081139 	 0.377379 	 0.596926 	 1.608623 	 -0.018739 	 1.543202 
7.347954 	 2.534052 	 -6.705300 	 -0.451993 	 -0.022851 	 -0.082593 	 -1.964088 	 0.105821 
16.553893 	 -140.506707 	 29.690061 	 0.123533 	 -1.002046 	 0.206415 	 -0.037525 	 0.530982 
8.561108 	 1.242076 	 -3.986490 	 0.557122 	 -0.384689 	 0.876196 	 -1.261075 	 0.613045 
5.445157 	 0.641224 	 -7.637775 	 0.100525 	 0.255804 	 0.350766 	 -0.814624 	 0.099289 
8.532398 	 5.079033 	 1.176080 	 -0.110592 	 0.008729 	 0.218238 	 -0.490188 	 0.029967 
9.876227 	 -0.026304 	 2.868716 	 -0.009595 	 0.341850 	 -0.265889 	 -0.378038 	 0.093825 
-13.612015 	 -3.209118 	 139.408676 	 -0.083459 	 -0.025668 	 0.964167 	 -0.029851 	 0.468621 
7.708426 	 2.612529 	 -4.537862 	 0.053222 	 -0.802556 	 -0.849756 	 -2.607092 	 0.684507 
8.425390 	 1.668386 	 -5.893962 	 0.079492 	 -0.249362 	 0.248307 	 -1.739712 	 0.065078 
7.895923 	 2.328904 	 -5.135073 	 0.853548 	 -0.585512 	 -0.182759 	 -2.797795 	 0.552385 
14.143527 	 -3.863133 	 -1.391725 	 0.055942 	 0.121009 	 -0.185541 	 -0.336240 	 0.026099 
4.696267 	 3.419579 	 -6.271693 	 -0.215357 	 -0.043326 	 0.398579 	 -1.007344 	 0.103561 
8.612063 	 4.050284 	 -6.177093 	 0.302389 	 0.108425 	 -0.422586 	 -1.807614 	 0.140887 
7.356978 	 2.821082 	 -5.666026 	 0.176454 	 1.420484 	 0.759344 	 -3.464263 	 1.312757 
7.119124 	 3.277846 	 -5.407098 	 0.892385 	 -0.727050 	 1.004487 	 -3.217890 	 1.166973 
7.062732 	 3.219934 	 -5.586004 	 -1.377155 	 0.872465 	 -0.507541 	 -3.052107 	 1.457675 
28.298331 	 -10.652543 	 -59.717283 	 0.130634 	 -0.017143 	 -0.291640 	 -0.064524 	 0.051207 
28.563257 	 32.176499 	 64.109953 	 0.185698 	 0.173327 	 0.356180 	 -0.051954 	 0.095695 
7.557744 	 3.566903 	 -6.281495 	 -0.009794 	 -0.095630 	 -0.133244 	 -2.437395 	 0.013497 
7.726219 	 2.523015 	 -5.543516 	 0.841246 	 0.505203 	 -0.947121 	 -3.399717 	 0.929981 
8.260459 	 3.735555 	 -5.058992 	 -0.328792 	 1.551078 	 -0.064939 	 -2.667598 	 1.259083 
8.920273 	 3.315856 	 -5.011156 	 -0.394670 	 0.100657 	 0.017965 	 -2.105418 	 0.083109 
41.036681 	 58.868210 	 40.257860 	 0.225120 	 0.362991 	 0.212123 	 -0.050774 	 0.113719 
7.762406 	 3.060126 	 -5.386746 	 -0.236889 	 -0.033654 	 -0.058124 	 -4.112486 	 0.030314 
7.754132 	 3.406558 	 -7.353254 	 -0.246660 	 -0.169330 	 -0.189281 	 -1.533271 	 0.062671 
165.936093 	 55.615735 	 -14.197794 	 1.173342 	 0.375968 	 -0.103179 	 -0.026311 	 0.764365 
-227.199041 	 -38.155811 	 -48.634821 	 -1.634385 	 -0.268567 	 -0.358858 	 -0.020029 	 1.436061 
9.751612 	 1.055771 	 -5.244311 	 0.812727 	 -0.045584 	 0.245677 	 -1.083312 	 0.361480 
163.544185 	 45.129397 	 -27.260067 	 1.149576 	 0.315379 	 -0.197538 	 -0.026739 	 0.730006 
8.036982 	 1.105877 	 -4.754231 	 -0.038691 	 0.150471 	 -0.360278 	 -1.451360 	 0.076969 
6.901711 	 2.890145 	 -4.475349 	 0.493737 	 0.507371 	 0.413247 	 -2.135115 	 0.335987 
67.544251 	 165.414883 	 139.351784 	 0.487366 	 1.193015 	 1.009951 	 -0.019726 	 1.340407 
7.958473 	 3.265643 	 -5.067212 	 -0.064392 	 0.133848 	 -0.002199 	 -3.470475 	 0.011033 
7.021714 	 2.450316 	 -5.474878 	 -0.061381 	 0.646615 	 -0.452203 	 -2.619092 	 0.313183 
7.995823 	 6.092727 	 -3.326505 	 0.382809 	 0.500554 	 0.024382 	 -0.875740 	 0.198846 
6.283834 	 4.037541 	 5.033580 	 0.179209 	 -0.090758 	 -0.336691 	 -0.327651 	 0.076857 
7.475995 	 2.987068 	 -6.060838 	 0.097497 	 1.574222 	 0.054917 	 -3.091248 	 1.245348 
8.127862 	 2.766792 	 -5.528834 	 0.164397 	 1.008481 	 0.306943 	 -3.260546 	 0.569137 
