-4.119787 	 3.135333 	 4.814204 	 0.000000 	 0.000000 	 0.000000 	 -0.557636 	 0.000000 
-8.452817 	 2.948540 	 -3.483317 	 0.000000 	 0.000000 	 0.000000 	 -0.464560 	 0.000000 
5.318863 	 0.522440 	 0.911821 	 0.000000 	 0.000000 	 0.000000 	 -0.609561 	 0.000000 
-2.677288 	 2.399014 	 1.485972 	 0.000000 	 0.000000 	 0.000000 	 -0.643130 	 0.000000 
3.240437 	 -2.358851 	 -3.646027 	 0.000000 	 0.000000 	 0.000000 	 -0.597364 	 0.000000 
-7.993613 	 -1.684999 	 1.739722 	 0.000000 	 0.000000 	 0.000000 	 -0.508845 	 0.000000 
-0.811432 	 6.432530 	 -1.455518 	 0.000000 	 0.000000 	 0.000000 	 -0.591221 	 0.000000 
-0.185225 	 -3.864415 	 -1.703355 	 0.000000 	 0.000000 	 0.000000 	 -0.648248 	 0.000000 
-5.669837 	 3.854121 	 7.006533 	 0.000000 	 0.000000 	 0.000000 	 -0.459207 	 0.000000 
-0.526316 	 -0.862888 	 0.971436 	 0.000000 	 0.000000 	 0.000000 	 -0.685281 	 0.000000 
-8.960113 	 2.158324 	 0.602117 	 0.000000 	 0.000000 	 0.000000 	 -0.481237 	 0.000000 
-0.171993 	 1.747712 	 6.511770 	 0.000000 	 0.000000 	 0.000000 	 -0.569371 	 0.000000 
-4.693326 	 -3.448581 	 1.297378 	 0.000000 	 0.000000 	 0.000000 	 -0.590644 	 0.000000 
3.702113 	 -3.227028 	 -2.084372 	 0.000000 	 0.000000 	 0.000000 	 -0.610889 	 0.000000 
-4.402779 	 7.168305 	 -1.943028 	 0.000000 	 0.000000 	 0.000000 	 -0.521980 	 0.000000 
0.176920 	 -7.923119 	 1.678778 	 0.000000 	 0.000000 	 0.000000 	 -0.528128 	 0.000000 
-6.349635 	 1.657541 	 2.101501 	 0.000000 	 0.000000 	 0.000000 	 -0.569665 	 0.000000 
8.929468 	 -3.128215 	 -2.588888 	 0.000000 	 0.000000 	 0.000000 	 -0.443557 	 0.000000 
6.474706 	 0.302414 	 0.215313 	 0.000000 	 0.000000 	 0.000000 	 -0.569860 	 0.000000 
5.728037 	 0.881393 	 1.084331 	 0.000000 	 0.000000 	 0.000000 	 -0.600861 	 0.000000 
2.171148 	 -2.098880 	 -5.630732 	 0.000000 	 0.000000 	 0.000000 	 -0.574546 	 0.000000 
-1.606930 	 4.661972 	 6.207125 	 0.000000 	 0.000000 	 0.000000 	 -0.523950 	 0.000000 
-2.141061 	 -8.344449 	 -4.070009 	 0.000000 	 0.000000 	 0.000000 	 -0.478410 	 0.000000 
-4.432744 	 -8.773302 	 -0.818877 	 0.000000 	 0.000000 	 0.000000 	 -0.471953 	 0.000000 
0.915016 	 -5.854438 	 -1.509733 	 0.000000 	 0.000000 	 0.000000 	 -0.593102 	 0.000000 
-4.897736 	 6.352452 	 -3.494159 	 0.000000 	 0.000000 	 0.000000 	 -0.506483 	 0.000000 
-1.800943 	 -9.118784 	 1.236892 	 0.000000 	 0.000000 	 0.000000 	 -0.503530 	 0.000000 
-5.627745 	 4.619346 	 6.024921 	 0.000000 	 0.000000 	 0.000000 	 -0.469413 	 0.000000 
1.470123 	 3.148154 	 6.666728 	 0.000000 	 0.000000 	 0.000000 	 -0.543161 	 0.000000 
-4.765578 	 -0.622297 	 -8.429081 	 0.000000 	 0.000000 	 0.000000 	 -0.476345 	 0.000000 
4.643890 	 -4.221106 	 3.848033 	 0.000000 	 0.000000 	 0.000000 	 -0.554841 	 0.000000 
-2.385359 	 -5.837122 	 3.870230 	 0.000000 	 0.000000 	 0.000000 	 -0.546260 	 0.000000 
4.275751 	 4.289266 	 -0.186214 	 0.000000 	 0.000000 	 0.000000 	 -0.601850 	 0.000000 
0.782925 	 -0.801632 	 0.064699 	 0.000000 	 0.000000 	 0.000000 	 -0.677310 	 0.000000 
1.619222 	 -1.944487 	 -8.991142 	 0.000000 	 0.000000 	 0.000000 	 -0.472940 	 0.000000 
0.410292 	 9.170414 	 -3.665709 	 0.000000 	 0.000000 	 0.000000 	 -0.466420 	 0.000000 
5.700120 	 -2.442882 	 4.885945 	 0.000000 	 0.000000 	 0.000000 	 -0.529675 	 0.000000 
1.218915 	 6.419467 	 1.009658 	 0.000000 	 0.000000 	 0.000000 	 -0.575699 	 0.000000 
-2.118383 	 4.424554 	 -2.664892 	 0.000000 	 0.000000 	 0.000000 	 -0.605972 	 0.000000 
2.574691 	 0.029400 	 -5.667061 	 0.000000 	 0.000000 	 0.000000 	 -0.579658 	 0.000000 
-4.776169 	 2.806373 	 2.441128 	 0.000000 	 0.000000 	 0.000000 	 -0.603672 	 0.000000 
-3.662595 	 -0.090006 	 -6.343201 	 0.000000 	 0.000000 	 0.000000 	 -0.580154 	 0.000000 
-4.941154 	 0.640731 	 -3.400523 	 0.000000 	 0.000000 	 0.000000 	 -0.582517 	 0.000000 
4.764363 	 -2.769236 	 -1.730220 	 0.000000 	 0.000000 	 0.000000 	 -0.593778 	 0.000000 
0.876006 	 3.525153 	 1.007851 	 0.000000 	 0.000000 	 0.000000 	 -0.647826 	 0.000000 
0.548305 	 -2.573363 	 -7.161387 	 0.000000 	 0.000000 	 0.000000 	 -0.541839 	 0.000000 
2.173429 	 4.360870 	 8.375024 	 0.000000 	 0.000000 	 0.000000 	 -0.455839 	 0.000000 
-5.840196 	 1.006243 	 6.586636 	 0.000000 	 0.000000 	 0.000000 	 -0.503698 	 0.000000 
6.635650 	 -3.112849 	 -0.661000 	 0.000000 	 0.000000 	 0.000000 	 -0.536711 	 0.000000 
6.813562 	 -5.402408 	 3.650542 	 0.000000 	 0.000000 	 0.000000 	 -0.472748 	 0.000000 
-0.541604 	 -8.356438 	 2.658016 	 0.000000 	 0.000000 	 0.000000 	 -0.502347 	 0.000000 
-7.709384 	 -4.064084 	 -4.437722 	 0.000000 	 0.000000 	 0.000000 	 -0.447032 	 0.000000 
-1.607881 	 -2.603178 	 -6.516040 	 0.000000 	 0.000000 	 0.000000 	 -0.570787 	 0.000000 
-3.787217 	 -3.476444 	 -5.078026 	 0.000000 	 0.000000 	 0.000000 	 -0.552215 	 0.000000 
-1.836828 	 -2.355512 	 -8.955539 	 0.000000 	 0.000000 	 0.000000 	 -0.488380 	 0.000000 
4.914300 	 2.582995 	 3.081203 	 0.000000 	 0.000000 	 0.000000 	 -0.592754 	 0.000000 
5.407523 	 -3.833854 	 -1.672938 	 0.000000 	 0.000000 	 0.000000 	 -0.565581 	 0.000000 
1.445861 	 5.849716 	 1.874668 	 0.000000 	 0.000000 	 0.000000 	 -0.588736 	 0.000000 
1.137602 	 8.427124 	 -4.885431 	 0.000000 	 0.000000 	 0.000000 	 -0.457269 	 0.000000 
4.748510 	 5.504586 	 -3.764928 	 0.000000 	 0.000000 	 0.000000 	 -0.537172 	 0.000000 
-2.043948 	 4.073192 	 4.869962 	 0.000000 	 0.000000 	 0.000000 	 -0.555452 	 0.000000 
-3.035871 	 -6.457803 	 6.376050 	 0.000000 	 0.000000 	 0.000000 	 -0.471150 	 0.000000 
-2.961671 	 -4.058375 	 -8.238611 	 0.000000 	 0.000000 	 0.000000 	 -0.476044 	 0.000000 
-0.207121 	 9.203136 	 2.102243 	 0.000000 	 0.000000 	 0.000000 	 -0.466287 	 0.000000 
4.343383 	 -7.668486 	 -2.322476 	 0.000000 	 0.000000 	 0.000000 	 -0.479557 	 0.000000 
4.541993 	 3.719878 	 5.780875 	 0.000000 	 0.000000 	 0.000000 	 -0.538156 	 0.000000 
5.253702 	 -6.550902 	 -2.775333 	 0.000000 	 0.000000 	 0.000000 	 -0.490070 	 0.000000 
-3.424422 	 5.025472 	 7.761820 	 0.000000 	 0.000000 	 0.000000 	 -0.453123 	 0.000000 
0.738668 	 0.708968 	 3.663131 	 0.000000 	 0.000000 	 0.000000 	 -0.665363 	 0.000000 
-2.077037 	 -1.825972 	 -6.670074 	 0.000000 	 0.000000 	 0.000000 	 -0.573124 	 0.000000 
-7.323829 	 -1.188530 	 -3.596165 	 0.000000 	 0.000000 	 0.000000 	 -0.517376 	 0.000000 
-4.624469 	 -3.692652 	 4.837333 	 0.000000 	 0.000000 	 0.000000 	 -0.549362 	 0.000000 
6.474538 	 1.113716 	 -0.370405 	 0.000000 	 0.000000 	 0.000000 	 -0.568086 	 0.000000 
-0.547191 	 1.989207 	 -1.582566 	 0.000000 	 0.000000 	 0.000000 	 -0.664072 	 0.000000 
2.236437 	 -4.092440 	 0.689863 	 0.000000 	 0.000000 	 0.000000 	 -0.620067 	 0.000000 
-0.419943 	 -3.911110 	 -4.625809 	 0.000000 	 0.000000 	 0.000000 	 -0.583936 	 0.000000 
7.777754 	 -2.676421 	 4.477466 	 0.000000 	 0.000000 	 0.000000 	 -0.476498 	 0.000000 
2.536162 	 -4.891214 	 -3.164397 	 0.000000 	 0.000000 	 0.000000 	 -0.584120 	 0.000000 
-4.143634 	 6.696156 	 -1.806114 	 0.000000 	 0.000000 	 0.000000 	 -0.545677 	 0.000000 
-0.963472 	 9.311747 	 -1.886623 	 0.000000 	 0.000000 	 0.000000 	 -0.465358 	 0.000000 
6.409122 	 1.901029 	 -3.012602 	 0.000000 	 0.000000 	 0.000000 	 -0.568372 	 0.000000 
-8.064041 	 -3.192920 	 -3.545097 	 0.000000 	 0.000000 	 0.000000 	 -0.464268 	 0.000000 
-3.641569 	 0.565480 	 -5.235072 	 0.000000 	 0.000000 	 0.000000 	 -0.592406 	 0.000000 
1.744639 	 -1.001759 	 6.626341 	 0.000000 	 0.000000 	 0.000000 	 -0.552837 	 0.000000 
5.026298 	 -3.552676 	 -3.734579 	 0.000000 	 0.000000 	 0.000000 	 -0.546556 	 0.000000 
0.138212 	 -9.621734 	 -0.814534 	 0.000000 	 0.000000 	 0.000000 	 -0.464516 	 0.000000 
-8.684742 	 4.570808 	 1.305358 	 0.000000 	 0.000000 	 0.000000 	 -0.444391 	 0.000000 
-3.390818 	 4.436047 	 -0.772154 	 0.000000 	 0.000000 	 0.000000 	 -0.649418 	 0.000000 
1.571404 	 7.096867 	 -2.503507 	 0.000000 	 0.000000 	 0.000000 	 -0.544877 	 0.000000 
3.538976 	 1.021557 	 1.456740 	 0.000000 	 0.000000 	 0.000000 	 -0.659865 	 0.000000 
-5.687610 	 -1.902507 	 -2.371043 	 0.000000 	 0.000000 	 0.000000 	 -0.563856 	 0.000000 
-4.785054 	 -0.023030 	 -8.645453 	 0.000000 	 0.000000 	 0.000000 	 -0.466916 	 0.000000 
-0.539783 	 -4.183125 	 3.269308 	 0.000000 	 0.000000 	 0.000000 	 -0.618726 	 0.000000 
-2.338933 	 -8.054053 	 4.343889 	 0.000000 	 0.000000 	 0.000000 	 -0.470776 	 0.000000 
-2.382751 	 -2.179895 	 7.129039 	 0.000000 	 0.000000 	 0.000000 	 -0.535850 	 0.000000 
-2.819574 	 -0.484531 	 -7.972045 	 0.000000 	 0.000000 	 0.000000 	 -0.533319 	 0.000000 
6.934366 	 2.136598 	 1.370074 	 0.000000 	 0.000000 	 0.000000 	 -0.544827 	 0.000000 
5.255726 	 -3.601099 	 -2.301380 	 0.000000 	 0.000000 	 0.000000 	 -0.568848 	 0.000000 
2.500954 	 -3.226523 	 2.163654 	 0.000000 	 0.000000 	 0.000000 	 -0.627830 	 0.000000 
-5.251388 	 8.222399 	 -1.955445 	 0.000000 	 0.000000 	 0.000000 	 -0.457693 	 0.000000 
-3.895499 	 -4.127177 	 5.038706 	 0.000000 	 0.000000 	 0.000000 	 -0.551965 	 0.000000 
0.621704 	 -2.346157 	 -4.521363 	 0.000000 	 0.000000 	 0.000000 	 -0.613745 	 0.000000 
-4.700476 	 -1.328028 	 8.265179 	 0.000000 	 0.000000 	 0.000000 	 -0.470362 	 0.000000 
-7.206818 	 5.970043 	 -1.623084 	 0.000000 	 0.000000 	 0.000000 	 -0.477449 	 0.000000 
-1.181613 	 5.024776 	 -6.529744 	 0.000000 	 0.000000 	 0.000000 	 -0.507621 	 0.000000 
1.123156 	 -6.411088 	 -6.666024 	 0.000000 	 0.000000 	 0.000000 	 -0.469720 	 0.000000 
-0.091909 	 -7.675157 	 -1.404168 	 0.000000 	 0.000000 	 0.000000 	 -0.531374 	 0.000000 
-1.582906 	 2.346274 	 -0.477627 	 0.000000 	 0.000000 	 0.000000 	 -0.668603 	 0.000000 
-5.489284 	 -0.898114 	 2.693115 	 0.000000 	 0.000000 	 0.000000 	 -0.608696 	 0.000000 
-2.570413 	 -7.120650 	 5.115706 	 0.000000 	 0.000000 	 0.000000 	 -0.489060 	 0.000000 
6.804762 	 6.517006 	 -2.526163 	 0.000000 	 0.000000 	 0.000000 	 -0.464342 	 0.000000 
0.905787 	 -8.976080 	 -4.185363 	 0.000000 	 0.000000 	 0.000000 	 -0.457920 	 0.000000 
-2.892171 	 1.403209 	 -7.789215 	 0.000000 	 0.000000 	 0.000000 	 -0.520992 	 0.000000 
4.333732 	 0.426027 	 2.605542 	 0.000000 	 0.000000 	 0.000000 	 -0.621768 	 0.000000 
-4.846090 	 4.872521 	 -4.705937 	 0.000000 	 0.000000 	 0.000000 	 -0.510996 	 0.000000 
2.044282 	 7.147532 	 5.211734 	 0.000000 	 0.000000 	 0.000000 	 -0.479503 	 0.000000 
-8.220693 	 2.369501 	 -4.068521 	 0.000000 	 0.000000 	 0.000000 	 -0.475337 	 0.000000 
-5.329927 	 1.731520 	 5.058199 	 0.000000 	 0.000000 	 0.000000 	 -0.555077 	 0.000000 
-1.324785 	 2.374463 	 5.672082 	 0.000000 	 0.000000 	 0.000000 	 -0.571417 	 0.000000 
-4.858417 	 6.119728 	 -1.301155 	 0.000000 	 0.000000 	 0.000000 	 -0.551172 	 0.000000 
6.571604 	 -5.772185 	 1.113896 	 0.000000 	 0.000000 	 0.000000 	 -0.488634 	 0.000000 
6.264378 	 -1.286647 	 -5.260411 	 0.000000 	 0.000000 	 0.000000 	 -0.510451 	 0.000000 
4.279112 	 0.806943 	 -3.199247 	 0.000000 	 0.000000 	 0.000000 	 -0.606825 	 0.000000 
-4.587077 	 -1.414148 	 -3.526085 	 0.000000 	 0.000000 	 0.000000 	 -0.589851 	 0.000000 
6.954801 	 3.129384 	 -5.929562 	 0.000000 	 0.000000 	 0.000000 	 -0.459881 	 0.000000 
1.378382 	 -6.752155 	 -2.961463 	 0.000000 	 0.000000 	 0.000000 	 -0.546863 	 0.000000 
5.850815 	 -0.385621 	 4.332209 	 0.000000 	 0.000000 	 0.000000 	 -0.556032 	 0.000000 
3.127790 	 6.862832 	 -4.973755 	 0.000000 	 0.000000 	 0.000000 	 -0.490374 	 0.000000 
-5.416025 	 -1.157393 	 1.932626 	 0.000000 	 0.000000 	 0.000000 	 -0.621861 	 0.000000 
-4.473903 	 0.887757 	 0.612042 	 0.000000 	 0.000000 	 0.000000 	 -0.625300 	 0.000000 
-0.364172 	 2.124124 	 -7.975540 	 0.000000 	 0.000000 	 0.000000 	 -0.518745 	 0.000000 
1.533249 	 -1.318882 	 -3.402665 	 0.000000 	 0.000000 	 0.000000 	 -0.634445 	 0.000000 
-0.184820 	 8.894131 	 -3.720900 	 0.000000 	 0.000000 	 0.000000 	 -0.483067 	 0.000000 
2.236016 	 2.506685 	 6.755628 	 0.000000 	 0.000000 	 0.000000 	 -0.550886 	 0.000000 
5.539088 	 2.960766 	 4.327057 	 0.000000 	 0.000000 	 0.000000 	 -0.543970 	 0.000000 
-4.626111 	 2.498662 	 2.320518 	 0.000000 	 0.000000 	 0.000000 	 -0.613225 	 0.000000 
5.271352 	 5.352807 	 -4.382491 	 0.000000 	 0.000000 	 0.000000 	 -0.519726 	 0.000000 
5.689685 	 6.662225 	 -3.320993 	 0.000000 	 0.000000 	 0.000000 	 -0.481829 	 0.000000 
3.818793 	 0.332943 	 6.118260 	 0.000000 	 0.000000 	 0.000000 	 -0.548997 	 0.000000 
-5.696522 	 -3.228802 	 -3.556158 	 0.000000 	 0.000000 	 0.000000 	 -0.531973 	 0.000000 
-1.825997 	 -4.423801 	 2.818353 	 0.000000 	 0.000000 	 0.000000 	 -0.609488 	 0.000000 
3.341870 	 3.523262 	 -4.528627 	 0.000000 	 0.000000 	 0.000000 	 -0.579407 	 0.000000 
4.955176 	 -6.177647 	 -3.904952 	 0.000000 	 0.000000 	 0.000000 	 -0.492546 	 0.000000 
1.502046 	 -2.403753 	 2.299127 	 0.000000 	 0.000000 	 0.000000 	 -0.649791 	 0.000000 
8.069353 	 3.980975 	 -1.254101 	 0.000000 	 0.000000 	 0.000000 	 -0.494033 	 0.000000 
2.662291 	 3.760589 	 -0.821211 	 0.000000 	 0.000000 	 0.000000 	 -0.640877 	 0.000000 
0.604282 	 -8.632692 	 2.559029 	 0.000000 	 0.000000 	 0.000000 	 -0.494805 	 0.000000 
-5.167261 	 -1.586591 	 -7.213056 	 0.000000 	 0.000000 	 0.000000 	 -0.503812 	 0.000000 
-6.479585 	 -1.186738 	 0.256766 	 0.000000 	 0.000000 	 0.000000 	 -0.571769 	 0.000000 
7.395481 	 -2.541362 	 -1.168031 	 0.000000 	 0.000000 	 0.000000 	 -0.514186 	 0.000000 
-2.401772 	 -7.802720 	 -4.510089 	 0.000000 	 0.000000 	 0.000000 	 -0.485836 	 0.000000 
0.232971 	 -0.217576 	 -4.738216 	 0.000000 	 0.000000 	 0.000000 	 -0.626981 	 0.000000 
-0.260262 	 1.768775 	 6.893102 	 0.000000 	 0.000000 	 0.000000 	 -0.553103 	 0.000000 
1.896722 	 -4.250558 	 4.699854 	 0.000000 	 0.000000 	 0.000000 	 -0.569806 	 0.000000 
0.744594 	 -0.002404 	 -3.925532 	 0.000000 	 0.000000 	 0.000000 	 -0.639330 	 0.000000 
6.111633 	 -1.257892 	 2.456532 	 0.000000 	 0.000000 	 0.000000 	 -0.573561 	 0.000000 
-0.707549 	 -4.545457 	 7.334800 	 0.000000 	 0.000000 	 0.000000 	 -0.489183 	 0.000000 
8.541859 	 -4.996193 	 0.716773 	 0.000000 	 0.000000 	 0.000000 	 -0.442273 	 0.000000 
0.853686 	 8.192699 	 -1.359825 	 0.000000 	 0.000000 	 0.000000 	 -0.513065 	 0.000000 
1.462532 	 -7.589756 	 -5.791908 	 0.000000 	 0.000000 	 0.000000 	 -0.457220 	 0.000000 
3.241155 	 3.414194 	 7.840501 	 0.000000 	 0.000000 	 0.000000 	 -0.490383 	 0.000000 
-2.261940 	 0.289488 	 0.258775 	 0.000000 	 0.000000 	 0.000000 	 -0.666714 	 0.000000 
-6.498451 	 5.821510 	 -2.201577 	 0.000000 	 0.000000 	 0.000000 	 -0.497522 	 0.000000 
-7.544431 	 -2.130653 	 2.977998 	 0.000000 	 0.000000 	 0.000000 	 -0.520355 	 0.000000 
-0.847650 	 4.059233 	 -5.243276 	 0.000000 	 0.000000 	 0.000000 	 -0.563170 	 0.000000 
-4.378423 	 -0.800226 	 6.148394 	 0.000000 	 0.000000 	 0.000000 	 -0.548015 	 0.000000 
6.475087 	 -2.051283 	 -4.304676 	 0.000000 	 0.000000 	 0.000000 	 -0.516048 	 0.000000 
-5.774181 	 -5.190555 	 -6.191057 	 0.000000 	 0.000000 	 0.000000 	 -0.444773 	 0.000000 
-5.968699 	 -0.119925 	 -5.534851 	 0.000000 	 0.000000 	 0.000000 	 -0.525150 	 0.000000 
2.110989 	 5.593136 	 -3.468804 	 0.000000 	 0.000000 	 0.000000 	 -0.578697 	 0.000000 
3.370427 	 4.693425 	 1.461223 	 0.000000 	 0.000000 	 0.000000 	 -0.612845 	 0.000000 
5.440242 	 -2.004179 	 1.458875 	 0.000000 	 0.000000 	 0.000000 	 -0.587165 	 0.000000 
-5.467341 	 0.912678 	 5.218115 	 0.000000 	 0.000000 	 0.000000 	 -0.561442 	 0.000000 
3.479954 	 3.227883 	 7.373180 	 0.000000 	 0.000000 	 0.000000 	 -0.506737 	 0.000000 
3.772525 	 6.353543 	 4.995130 	 0.000000 	 0.000000 	 0.000000 	 -0.491636 	 0.000000 
1.987328 	 4.578259 	 3.316652 	 0.000000 	 0.000000 	 0.000000 	 -0.596838 	 0.000000 
-0.264082 	 9.325129 	 3.213883 	 0.000000 	 0.000000 	 0.000000 	 -0.447598 	 0.000000 
6.826266 	 -2.599905 	 5.712209 	 0.000000 	 0.000000 	 0.000000 	 -0.479992 	 0.000000 
7.969774 	 -0.680106 	 3.488640 	 0.000000 	 0.000000 	 0.000000 	 -0.504846 	 0.000000 
3.671416 	 3.356233 	 2.039706 	 0.000000 	 0.000000 	 0.000000 	 -0.627045 	 0.000000 
-3.471722 	 6.538371 	 -0.725706 	 0.000000 	 0.000000 	 0.000000 	 -0.565146 	 0.000000 
-6.757938 	 -0.317301 	 6.495063 	 0.000000 	 0.000000 	 0.000000 	 -0.483181 	 0.000000 
-4.358138 	 -2.010493 	 1.995781 	 0.000000 	 0.000000 	 0.000000 	 -0.623154 	 0.000000 
3.111646 	 -4.437715 	 2.383106 	 0.000000 	 0.000000 	 0.000000 	 -0.600220 	 0.000000 
8.565710 	 3.832201 	 -1.149200 	 0.000000 	 0.000000 	 0.000000 	 -0.475367 	 0.000000 
-2.425268 	 7.305567 	 -2.616969 	 0.000000 	 0.000000 	 0.000000 	 -0.528068 	 0.000000 
3.617823 	 0.759346 	 4.287752 	 0.000000 	 0.000000 	 0.000000 	 -0.609060 	 0.000000 
6.632545 	 -1.492824 	 3.474082 	 0.000000 	 0.000000 	 0.000000 	 -0.550504 	 0.000000 
2.107731 	 -6.588694 	 -0.063781 	 0.000000 	 0.000000 	 0.000000 	 -0.553320 	 0.000000 
3.837747 	 5.541061 	 3.632712 	 0.000000 	 0.000000 	 0.000000 	 -0.548199 	 0.000000 
-5.611253 	 7.693803 	 2.319576 	 0.000000 	 0.000000 	 0.000000 	 -0.455614 	 0.000000 
1.968392 	 2.315971 	 1.837468 	 0.000000 	 0.000000 	 0.000000 	 -0.661418 	 0.000000 
-1.743544 	 -1.055493 	 0.676534 	 0.000000 	 0.000000 	 0.000000 	 -0.671538 	 0.000000 
8.737788 	 -1.849435 	 -3.095391 	 0.000000 	 0.000000 	 0.000000 	 -0.460629 	 0.000000 
-1.598730 	 -1.353007 	 -9.246997 	 0.000000 	 0.000000 	 0.000000 	 -0.486081 	 0.000000 
-7.397642 	 -0.521544 	 -4.648143 	 0.000000 	 0.000000 	 0.000000 	 -0.495940 	 0.000000 
1.397932 	 -4.113567 	 -8.027255 	 0.000000 	 0.000000 	 0.000000 	 -0.487342 	 0.000000 
-2.775618 	 -2.559897 	 6.042775 	 0.000000 	 0.000000 	 0.000000 	 -0.565993 	 0.000000 
2.219676 	 7.380614 	 -2.868427 	 0.000000 	 0.000000 	 0.000000 	 -0.523814 	 0.000000 
0.974871 	 -0.982032 	 2.796192 	 0.000000 	 0.000000 	 0.000000 	 -0.659519 	 0.000000 
-6.106034 	 4.128202 	 4.650707 	 0.000000 	 0.000000 	 0.000000 	 -0.498125 	 0.000000 
4.542174 	 -4.928241 	 4.873472 	 0.000000 	 0.000000 	 0.000000 	 -0.515045 	 0.000000 
-7.012332 	 -4.271739 	 1.255391 	 0.000000 	 0.000000 	 0.000000 	 -0.514503 	 0.000000 
-1.244765 	 6.369377 	 3.728971 	 0.000000 	 0.000000 	 0.000000 	 -0.531106 	 0.000000 
0.116813 	 -0.349321 	 -5.508526 	 0.000000 	 0.000000 	 0.000000 	 -0.608542 	 0.000000 
-3.496936 	 -0.836658 	 9.045049 	 0.000000 	 0.000000 	 0.000000 	 -0.457064 	 0.000000 
4.546137 	 3.222024 	 4.040773 	 0.000000 	 0.000000 	 0.000000 	 -0.579180 	 0.000000 
1.617822 	 -2.438117 	 -6.625216 	 0.000000 	 0.000000 	 0.000000 	 -0.553362 	 0.000000 
2.618892 	 4.539745 	 -1.060351 	 0.000000 	 0.000000 	 0.000000 	 -0.621195 	 0.000000 
-4.035654 	 7.631754 	 -0.342080 	 0.000000 	 0.000000 	 0.000000 	 -0.514131 	 0.000000 
6.202934 	 6.109120 	 2.494864 	 0.000000 	 0.000000 	 0.000000 	 -0.492056 	 0.000000 
2.155300 	 -1.777717 	 3.602744 	 0.000000 	 0.000000 	 0.000000 	 -0.634312 	 0.000000 
1.677673 	 -1.595124 	 -0.490783 	 0.000000 	 0.000000 	 0.000000 	 -0.659692 	 0.000000 
0.726166 	 -4.860859 	 0.068580 	 0.000000 	 0.000000 	 0.000000 	 -0.619707 	 0.000000 
3.713646 	 2.016547 	 0.456831 	 0.000000 	 0.000000 	 0.000000 	 -0.639998 	 0.000000 
0.906737 	 -5.301890 	 -5.134585 	 0.000000 	 0.000000 	 0.000000 	 -0.541893 	 0.000000 
6.507648 	 1.185926 	 5.456953 	 0.000000 	 0.000000 	 0.000000 	 -0.499135 	 0.000000 
4.447455 	 6.667278 	 1.828832 	 0.000000 	 0.000000 	 0.000000 	 -0.529996 	 0.000000 
5.299366 	 -4.505083 	 -0.230838 	 0.000000 	 0.000000 	 0.000000 	 -0.555428 	 0.000000 
3.174636 	 2.831398 	 -6.555323 	 0.000000 	 0.000000 	 0.000000 	 -0.526032 	 0.000000 
5.657457 	 6.100883 	 2.968675 	 0.000000 	 0.000000 	 0.000000 	 -0.504418 	 0.000000 
5.925567 	 0.069262 	 -2.896425 	 0.000000 	 0.000000 	 0.000000 	 -0.571790 	 0.000000 
0.329540 	 -1.664098 	 5.005009 	 0.000000 	 0.000000 	 0.000000 	 -0.610895 	 0.000000 
-4.085386 	 5.716984 	 -0.468739 	 0.000000 	 0.000000 	 0.000000 	 -0.589615 	 0.000000 
4.286214 	 -3.345646 	 -1.204809 	 0.000000 	 0.000000 	 0.000000 	 -0.603360 	 0.000000 
-3.137656 	 -1.632091 	 5.792957 	 0.000000 	 0.000000 	 0.000000 	 -0.576155 	 0.000000 
-6.311069 	 0.081406 	 -4.169186 	 0.000000 	 0.000000 	 0.000000 	 -0.536911 	 0.000000 
-1.934745 	 -9.487244 	 1.222000 	 0.000000 	 0.000000 	 0.000000 	 -0.478944 	 0.000000 
6.674933 	 -3.992285 	 -1.652421 	 0.000000 	 0.000000 	 0.000000 	 -0.519117 	 0.000000 
-5.834033 	 -6.046596 	 -1.328338 	 0.000000 	 0.000000 	 0.000000 	 -0.505432 	 0.000000 
-2.009623 	 -7.973880 	 -4.898204 	 0.000000 	 0.000000 	 0.000000 	 -0.474020 	 0.000000 
-0.023963 	 7.988182 	 -2.153039 	 0.000000 	 0.000000 	 0.000000 	 -0.523131 	 0.000000 
0.478490 	 2.337463 	 -1.222501 	 0.000000 	 0.000000 	 0.000000 	 -0.662463 	 0.000000 
-7.205147 	 4.256221 	 2.308039 	 0.000000 	 0.000000 	 0.000000 	 -0.494374 	 0.000000 
-0.487308 	 3.893455 	 -0.191007 	 0.000000 	 0.000000 	 0.000000 	 -0.646371 	 0.000000 
1.562152 	 5.472317 	 -2.887035 	 0.000000 	 0.000000 	 0.000000 	 -0.594521 	 0.000000 
2.912744 	 -4.411361 	 3.178689 	 0.000000 	 0.000000 	 0.000000 	 -0.603390 	 0.000000 
-2.004035 	 -8.917790 	 0.929165 	 0.000000 	 0.000000 	 0.000000 	 -0.503579 	 0.000000 
-3.266253 	 -8.839166 	 -0.345995 	 0.000000 	 0.000000 	 0.000000 	 -0.480399 	 0.000000 
5.819595 	 4.851327 	 5.778760 	 0.000000 	 0.000000 	 0.000000 	 -0.473994 	 0.000000 
2.115798 	 -6.063918 	 4.806052 	 0.000000 	 0.000000 	 0.000000 	 -0.518979 	 0.000000 
0.563084 	 5.591598 	 6.482314 	 0.000000 	 0.000000 	 0.000000 	 -0.495459 	 0.000000 
1.402696 	 -0.043016 	 6.389878 	 0.000000 	 0.000000 	 0.000000 	 -0.570183 	 0.000000 
-9.546658 	 2.487918 	 -0.799662 	 0.000000 	 0.000000 	 0.000000 	 -0.446828 	 0.000000 
-7.271485 	 -1.463681 	 4.924229 	 0.000000 	 0.000000 	 0.000000 	 -0.508992 	 0.000000 
-2.502331 	 1.030493 	 -0.371955 	 0.000000 	 0.000000 	 0.000000 	 -0.658961 	 0.000000 
1.833750 	 4.635285 	 0.942520 	 0.000000 	 0.000000 	 0.000000 	 -0.627330 	 0.000000 
6.371641 	 1.637423 	 1.240987 	 0.000000 	 0.000000 	 0.000000 	 -0.574781 	 0.000000 
4.364001 	 -5.494848 	 0.649484 	 0.000000 	 0.000000 	 0.000000 	 -0.555456 	 0.000000 
2.580607 	 -7.391326 	 -2.797578 	 0.000000 	 0.000000 	 0.000000 	 -0.512864 	 0.000000 
-1.863473 	 -3.136415 	 -7.678049 	 0.000000 	 0.000000 	 0.000000 	 -0.542228 	 0.000000 
-2.198380 	 -7.480549 	 5.808388 	 0.000000 	 0.000000 	 0.000000 	 -0.461167 	 0.000000 
2.506120 	 -1.818093 	 -2.863639 	 0.000000 	 0.000000 	 0.000000 	 -0.626177 	 0.000000 
-8.710432 	 -1.851355 	 4.310039 	 0.000000 	 0.000000 	 0.000000 	 -0.459533 	 0.000000 
-8.589305 	 2.123811 	 -1.917616 	 0.000000 	 0.000000 	 0.000000 	 -0.483783 	 0.000000 
0.817747 	 -0.155056 	 -1.346837 	 0.000000 	 0.000000 	 0.000000 	 -0.674093 	 0.000000 
-0.747423 	 -0.470036 	 8.321760 	 0.000000 	 0.000000 	 0.000000 	 -0.495023 	 0.000000 
-0.984319 	 -4.339831 	 -7.040373 	 0.000000 	 0.000000 	 0.000000 	 -0.520854 	 0.000000 
-3.030352 	 -6.937093 	 -0.637350 	 0.000000 	 0.000000 	 0.000000 	 -0.544461 	 0.000000 
0.276780 	 -6.189200 	 -3.238492 	 0.000000 	 0.000000 	 0.000000 	 -0.560826 	 0.000000 
-5.699567 	 4.684985 	 -0.840773 	 0.000000 	 0.000000 	 0.000000 	 -0.551496 	 0.000000 
-0.073156 	 6.276746 	 -7.689364 	 0.000000 	 0.000000 	 0.000000 	 -0.445432 	 0.000000 
1.958806 	 -4.156439 	 6.227690 	 0.000000 	 0.000000 	 0.000000 	 -0.525364 	 0.000000 
-3.512045 	 -6.101975 	 -4.342733 	 0.000000 	 0.000000 	 0.000000 	 -0.520078 	 0.000000 
6.020781 	 -1.798416 	 7.458561 	 0.000000 	 0.000000 	 0.000000 	 -0.450416 	 0.000000 
3.678178 	 -3.533282 	 -1.486568 	 0.000000 	 0.000000 	 0.000000 	 -0.612480 	 0.000000 
0.166735 	 2.346784 	 -8.052471 	 0.000000 	 0.000000 	 0.000000 	 -0.511472 	 0.000000 
-1.296951 	 -8.388105 	 1.325037 	 0.000000 	 0.000000 	 0.000000 	 -0.522289 	 0.000000 
-1.948994 	 -6.449184 	 -0.933575 	 0.000000 	 0.000000 	 0.000000 	 -0.569842 	 0.000000 
-7.854798 	 2.275921 	 -1.679597 	 0.000000 	 0.000000 	 0.000000 	 -0.511623 	 0.000000 
-7.197277 	 4.806810 	 4.815030 	 0.000000 	 0.000000 	 0.000000 	 -0.448924 	 0.000000 
-2.113728 	 2.313153 	 -8.144371 	 0.000000 	 0.000000 	 0.000000 	 -0.500939 	 0.000000 
-1.840337 	 -0.963399 	 7.570460 	 0.000000 	 0.000000 	 0.000000 	 -0.523967 	 0.000000 
1.244237 	 6.053037 	 5.149678 	 0.000000 	 0.000000 	 0.000000 	 -0.519519 	 0.000000 
6.779185 	 1.295552 	 2.018397 	 0.000000 	 0.000000 	 0.000000 	 -0.551973 	 0.000000 
-7.359577 	 1.704067 	 0.223757 	 0.000000 	 0.000000 	 0.000000 	 -0.538286 	 0.000000 
-3.591063 	 -3.896930 	 0.838462 	 0.000000 	 0.000000 	 0.000000 	 -0.603921 	 0.000000 
-0.656583 	 -4.440336 	 -8.248122 	 0.000000 	 0.000000 	 0.000000 	 -0.500678 	 0.000000 
5.076545 	 5.011440 	 -4.441847 	 0.000000 	 0.000000 	 0.000000 	 -0.530883 	 0.000000 
-7.640003 	 5.709043 	 -1.933624 	 0.000000 	 0.000000 	 0.000000 	 -0.463493 	 0.000000 
-1.641749 	 -2.609424 	 4.692216 	 0.000000 	 0.000000 	 0.000000 	 -0.609728 	 0.000000 
6.348416 	 0.366713 	 1.439034 	 0.000000 	 0.000000 	 0.000000 	 -0.575157 	 0.000000 
-2.891322 	 -5.257312 	 -0.535602 	 0.000000 	 0.000000 	 0.000000 	 -0.585510 	 0.000000 
2.717296 	 0.442405 	 -4.742566 	 0.000000 	 0.000000 	 0.000000 	 -0.600050 	 0.000000 
-0.498455 	 5.329411 	 6.421862 	 0.000000 	 0.000000 	 0.000000 	 -0.503574 	 0.000000 
-2.879117 	 -6.783364 	 4.295161 	 0.000000 	 0.000000 	 0.000000 	 -0.510654 	 0.000000 
-4.790583 	 -0.580926 	 8.201049 	 0.000000 	 0.000000 	 0.000000 	 -0.472164 	 0.000000 
2.771452 	 -3.036664 	 5.267594 	 0.000000 	 0.000000 	 0.000000 	 -0.570983 	 0.000000 
-3.872173 	 -1.415753 	 7.996549 	 0.000000 	 0.000000 	 0.000000 	 -0.493554 	 0.000000 
6.867792 	 3.197336 	 -3.071369 	 0.000000 	 0.000000 	 0.000000 	 -0.526231 	 0.000000 
-7.240925 	 -0.287479 	 4.778671 	 0.000000 	 0.000000 	 0.000000 	 -0.517108 	 0.000000 
3.929327 	 7.012917 	 1.829426 	 0.000000 	 0.000000 	 0.000000 	 -0.528086 	 0.000000 
0.139385 	 7.762864 	 -5.043735 	 0.000000 	 0.000000 	 0.000000 	 -0.480841 	 0.000000 
4.486522 	 3.849240 	 1.430680 	 0.000000 	 0.000000 	 0.000000 	 -0.601968 	 0.000000 
-5.010509 	 -0.217969 	 -4.189959 	 0.000000 	 0.000000 	 0.000000 	 -0.575276 	 0.000000 
-4.901659 	 -7.389093 	 2.668348 	 0.000000 	 0.000000 	 0.000000 	 -0.476127 	 0.000000 
3.792116 	 -5.331213 	 -7.283089 	 0.000000 	 0.000000 	 0.000000 	 -0.453567 	 0.000000 
-3.536149 	 6.812192 	 5.234967 	 0.000000 	 0.000000 	 0.000000 	 -0.467283 	 0.000000 
-3.052005 	 -4.513734 	 -6.960763 	 0.000000 	 0.000000 	 0.000000 	 -0.503509 	 0.000000 
-3.201944 	 -2.174383 	 6.445246 	 0.000000 	 0.000000 	 0.000000 	 -0.560599 	 0.000000 
7.421359 	 -5.404398 	 3.872221 	 0.000000 	 0.000000 	 0.000000 	 -0.453775 	 0.000000 
3.059152 	 -0.146944 	 -0.550071 	 0.000000 	 0.000000 	 0.000000 	 -0.646908 	 0.000000 
7.748769 	 -2.898745 	 3.841785 	 0.000000 	 0.000000 	 0.000000 	 -0.485398 	 0.000000 
-3.573564 	 7.845421 	 2.920135 	 0.000000 	 0.000000 	 0.000000 	 -0.482153 	 0.000000 
4.147417 	 7.987083 	 -0.102492 	 0.000000 	 0.000000 	 0.000000 	 -0.490853 	 0.000000 
0.092189 	 1.233108 	 -8.386938 	 0.000000 	 0.000000 	 0.000000 	 -0.517141 	 0.000000 
-4.863249 	 1.357201 	 -6.842586 	 0.000000 	 0.000000 	 0.000000 	 -0.522490 	 0.000000 
5.137640 	 3.957436 	 -4.655077 	 0.000000 	 0.000000 	 0.000000 	 -0.532342 	 0.000000 
4.443948 	 -4.547547 	 -0.380453 	 0.000000 	 0.000000 	 0.000000 	 -0.575983 	 0.000000 
2.186419 	 7.149223 	 0.625082 	 0.000000 	 0.000000 	 0.000000 	 -0.544004 	 0.000000 
6.336653 	 4.492887 	 -6.031863 	 0.000000 	 0.000000 	 0.000000 	 -0.455767 	 0.000000 
-3.668301 	 6.990266 	 -4.298664 	 0.000000 	 0.000000 	 0.000000 	 -0.496643 	 0.000000 
-3.956043 	 -1.240056 	 2.798385 	 0.000000 	 0.000000 	 0.000000 	 -0.633621 	 0.000000 
4.818156 	 1.645790 	 2.218199 	 0.000000 	 0.000000 	 0.000000 	 -0.611948 	 0.000000 
-2.453753 	 0.194997 	 3.536337 	 0.000000 	 0.000000 	 0.000000 	 -0.636600 	 0.000000 
3.412844 	 5.732027 	 0.508601 	 0.000000 	 0.000000 	 0.000000 	 -0.582125 	 0.000000 
-2.315492 	 -0.820927 	 -1.747313 	 0.000000 	 0.000000 	 0.000000 	 -0.650834 	 0.000000 
-0.154436 	 6.149257 	 0.885050 	 0.000000 	 0.000000 	 0.000000 	 -0.581703 	 0.000000 
3.692143 	 3.369919 	 -1.710731 	 0.000000 	 0.000000 	 0.000000 	 -0.622782 	 0.000000 
1.436212 	 7.664552 	 2.144723 	 0.000000 	 0.000000 	 0.000000 	 -0.520973 	 0.000000 
1.273756 	 -2.949482 	 -1.302466 	 0.000000 	 0.000000 	 0.000000 	 -0.648125 	 0.000000 
6.397073 	 0.474424 	 4.249764 	 0.000000 	 0.000000 	 0.000000 	 -0.537395 	 0.000000 
-4.088143 	 -6.510602 	 -3.897834 	 0.000000 	 0.000000 	 0.000000 	 -0.509873 	 0.000000 
-4.832505 	 -2.303211 	 3.346035 	 0.000000 	 0.000000 	 0.000000 	 -0.596307 	 0.000000 
-0.204850 	 -9.539916 	 -0.331129 	 0.000000 	 0.000000 	 0.000000 	 -0.473762 	 0.000000 
-1.705558 	 8.188430 	 -3.345928 	 0.000000 	 0.000000 	 0.000000 	 -0.492813 	 0.000000 
-7.366160 	 -2.400984 	 -3.811091 	 0.000000 	 0.000000 	 0.000000 	 -0.495103 	 0.000000 
-1.440515 	 -1.832088 	 -1.438873 	 0.000000 	 0.000000 	 0.000000 	 -0.656778 	 0.000000 
2.661558 	 -6.031059 	 -3.228371 	 0.000000 	 0.000000 	 0.000000 	 -0.561771 	 0.000000 
-3.001819 	 5.468206 	 7.501800 	 0.000000 	 0.000000 	 0.000000 	 -0.455409 	 0.000000 
1.566451 	 -6.069319 	 -2.041318 	 0.000000 	 0.000000 	 0.000000 	 -0.578272 	 0.000000 
2.791290 	 -2.206353 	 4.573092 	 0.000000 	 0.000000 	 0.000000 	 -0.604738 	 0.000000 
2.604372 	 3.224324 	 6.397212 	 0.000000 	 0.000000 	 0.000000 	 -0.549989 	 0.000000 
-4.707820 	 3.918580 	 -0.034331 	 0.000000 	 0.000000 	 0.000000 	 -0.603849 	 0.000000 
6.094360 	 -0.363130 	 3.573228 	 0.000000 	 0.000000 	 0.000000 	 -0.564383 	 0.000000 
3.129986 	 3.513212 	 8.712633 	 0.000000 	 0.000000 	 0.000000 	 -0.459737 	 0.000000 
4.301522 	 6.035811 	 -4.738619 	 0.000000 	 0.000000 	 0.000000 	 -0.504515 	 0.000000 
3.801228 	 1.545714 	 -6.915694 	 0.000000 	 0.000000 	 0.000000 	 -0.511732 	 0.000000 
-2.547481 	 5.035757 	 -0.786144 	 0.000000 	 0.000000 	 0.000000 	 -0.615800 	 0.000000 
-0.620386 	 7.921366 	 -0.370280 	 0.000000 	 0.000000 	 0.000000 	 -0.528727 	 0.000000 
2.364384 	 -4.521416 	 -7.705548 	 0.000000 	 0.000000 	 0.000000 	 -0.482932 	 0.000000 
-1.517294 	 1.364275 	 -9.498715 	 0.000000 	 0.000000 	 0.000000 	 -0.462744 	 0.000000 
0.893865 	 -1.825847 	 4.136186 	 0.000000 	 0.000000 	 0.000000 	 -0.632496 	 0.000000 
-5.119810 	 -5.352002 	 -1.890482 	 0.000000 	 0.000000 	 0.000000 	 -0.534435 	 0.000000 
2.008685 	 -3.728518 	 -7.992040 	 0.000000 	 0.000000 	 0.000000 	 -0.493623 	 0.000000 
3.597555 	 -2.849427 	 -5.567859 	 0.000000 	 0.000000 	 0.000000 	 -0.543097 	 0.000000 
0.277005 	 -8.286689 	 3.106584 	 0.000000 	 0.000000 	 0.000000 	 -0.502851 	 0.000000 
-0.064438 	 -3.285627 	 1.279608 	 0.000000 	 0.000000 	 0.000000 	 -0.650416 	 0.000000 
-5.104418 	 -0.353393 	 3.344241 	 0.000000 	 0.000000 	 0.000000 	 -0.613488 	 0.000000 
0.802764 	 0.366475 	 -1.802271 	 0.000000 	 0.000000 	 0.000000 	 -0.672739 	 0.000000 
4.073902 	 -1.529082 	 5.381287 	 0.000000 	 0.000000 	 0.000000 	 -0.566920 	 0.000000 
1.829048 	 4.337694 	 -3.827656 	 0.000000 	 0.000000 	 0.000000 	 -0.599660 	 0.000000 
0.190859 	 -0.579497 	 -2.674593 	 0.000000 	 0.000000 	 0.000000 	 -0.661816 	 0.000000 
-4.318540 	 4.293476 	 -1.471372 	 0.000000 	 0.000000 	 0.000000 	 -0.594550 	 0.000000 
-4.025014 	 1.069750 	 8.323577 	 0.000000 	 0.000000 	 0.000000 	 -0.472333 	 0.000000 
1.864434 	 2.184008 	 9.334011 	 0.000000 	 0.000000 	 0.000000 	 -0.447652 	 0.000000 
-3.410805 	 6.690923 	 1.093632 	 0.000000 	 0.000000 	 0.000000 	 -0.543503 	 0.000000 
-3.003822 	 3.131251 	 6.919180 	 0.000000 	 0.000000 	 0.000000 	 -0.512182 	 0.000000 
0.682332 	 4.841809 	 2.388464 	 0.000000 	 0.000000 	 0.000000 	 -0.606504 	 0.000000 
-0.425607 	 8.926711 	 -3.964056 	 0.000000 	 0.000000 	 0.000000 	 -0.474626 	 0.000000 
-0.665473 	 4.935284 	 -1.382416 	 0.000000 	 0.000000 	 0.000000 	 -0.629384 	 0.000000 
0.927967 	 2.658004 	 9.504627 	 0.000000 	 0.000000 	 0.000000 	 -0.441247 	 0.000000 
-7.422762 	 1.601867 	 -1.712041 	 0.000000 	 0.000000 	 0.000000 	 -0.529228 	 0.000000 
-4.173187 	 8.091969 	 0.286213 	 0.000000 	 0.000000 	 0.000000 	 -0.490733 	 0.000000 
4.121181 	 -2.552880 	 3.925389 	 0.000000 	 0.000000 	 0.000000 	 -0.588631 	 0.000000 
1.711581 	 -1.640914 	 -8.280861 	 0.000000 	 0.000000 	 0.000000 	 -0.500457 	 0.000000 
-3.337492 	 5.480394 	 -0.275971 	 0.000000 	 0.000000 	 0.000000 	 -0.605374 	 0.000000 
9.768895 	 1.057165 	 0.750026 	 0.000000 	 0.000000 	 0.000000 	 -0.442085 	 0.000000 
0.455921 	 -3.632047 	 -1.285477 	 0.000000 	 0.000000 	 0.000000 	 -0.660960 	 0.000000 
1.957567 	 -7.145304 	 3.209835 	 0.000000 	 0.000000 	 0.000000 	 -0.516109 	 0.000000 
5.766590 	 -7.015591 	 -1.464987 	 0.000000 	 0.000000 	 0.000000 	 -0.475810 	 0.000000 
-1.196882 	 -5.088914 	 -0.405059 	 0.000000 	 0.000000 	 0.000000 	 -0.604883 	 0.000000 
2.808049 	 3.417387 	 8.921720 	 0.000000 	 0.000000 	 0.000000 	 -0.455460 	 0.000000 
-3.540053 	 -6.954741 	 -2.214243 	 0.000000 	 0.000000 	 0.000000 	 -0.532600 	 0.000000 
-0.973664 	 9.130523 	 2.318980 	 0.000000 	 0.000000 	 0.000000 	 -0.464230 	 0.000000 
2.990787 	 -5.982367 	 -3.336692 	 0.000000 	 0.000000 	 0.000000 	 -0.554474 	 0.000000 
-3.861430 	 7.551023 	 2.416059 	 0.000000 	 0.000000 	 0.000000 	 -0.496504 	 0.000000 
3.658225 	 -5.212299 	 2.372117 	 0.000000 	 0.000000 	 0.000000 	 -0.565850 	 0.000000 
4.962187 	 7.000839 	 -2.306714 	 0.000000 	 0.000000 	 0.000000 	 -0.497586 	 0.000000 
3.398247 	 5.570911 	 2.278413 	 0.000000 	 0.000000 	 0.000000 	 -0.581571 	 0.000000 
4.297149 	 2.551514 	 -2.049620 	 0.000000 	 0.000000 	 0.000000 	 -0.617332 	 0.000000 
3.756697 	 -3.983509 	 -2.187916 	 0.000000 	 0.000000 	 0.000000 	 -0.595460 	 0.000000 
2.306924 	 -3.917097 	 8.895175 	 0.000000 	 0.000000 	 0.000000 	 -0.437772 	 0.000000 
-0.503947 	 -3.629258 	 4.294967 	 0.000000 	 0.000000 	 0.000000 	 -0.602072 	 0.000000 
-2.545600 	 -2.542048 	 1.958805 	 0.000000 	 0.000000 	 0.000000 	 -0.642003 	 0.000000 
3.830804 	 3.401628 	 3.130331 	 0.000000 	 0.000000 	 0.000000 	 -0.606567 	 0.000000 
2.489996 	 3.814942 	 -0.141955 	 0.000000 	 0.000000 	 0.000000 	 -0.643984 	 0.000000 
5.424780 	 -2.745242 	 -7.050444 	 0.000000 	 0.000000 	 0.000000 	 -0.464996 	 0.000000 
4.622187 	 -1.641190 	 4.093559 	 0.000000 	 0.000000 	 0.000000 	 -0.583908 	 0.000000 
-2.878643 	 -6.555010 	 -2.499978 	 0.000000 	 0.000000 	 0.000000 	 -0.555790 	 0.000000 
8.646490 	 1.726251 	 -0.908839 	 0.000000 	 0.000000 	 0.000000 	 -0.491793 	 0.000000 
1.828064 	 4.029084 	 -4.440820 	 0.000000 	 0.000000 	 0.000000 	 -0.589969 	 0.000000 
3.233586 	 -7.894064 	 -4.087796 	 0.000000 	 0.000000 	 0.000000 	 -0.466299 	 0.000000 
-8.636027 	 2.351114 	 0.401722 	 0.000000 	 0.000000 	 0.000000 	 -0.492539 	 0.000000 
-8.755265 	 2.264052 	 1.507098 	 0.000000 	 0.000000 	 0.000000 	 -0.477323 	 0.000000 
-0.188529 	 -4.303226 	 2.542773 	 0.000000 	 0.000000 	 0.000000 	 -0.620614 	 0.000000 
-3.706438 	 5.362608 	 6.020598 	 0.000000 	 0.000000 	 0.000000 	 -0.483499 	 0.000000 
-4.221520 	 -5.152979 	 -2.077902 	 0.000000 	 0.000000 	 0.000000 	 -0.557955 	 0.000000 
5.320087 	 -4.452532 	 -4.039296 	 0.000000 	 0.000000 	 0.000000 	 -0.517223 	 0.000000 
-3.457666 	 -5.751950 	 5.618310 	 0.000000 	 0.000000 	 0.000000 	 -0.508167 	 0.000000 
-8.893127 	 -3.763990 	 1.337882 	 0.000000 	 0.000000 	 0.000000 	 -0.453555 	 0.000000 
8.553839 	 1.936992 	 -4.164203 	 0.000000 	 0.000000 	 0.000000 	 -0.456625 	 0.000000 
-5.530154 	 -7.692583 	 -2.153771 	 0.000000 	 0.000000 	 0.000000 	 -0.461892 	 0.000000 
3.765662 	 -1.511518 	 -6.775137 	 0.000000 	 0.000000 	 0.000000 	 -0.517246 	 0.000000 
7.322526 	 -4.012520 	 1.614607 	 0.000000 	 0.000000 	 0.000000 	 -0.497246 	 0.000000 
0.716429 	 0.709657 	 -5.738838 	 0.000000 	 0.000000 	 0.000000 	 -0.591645 	 0.000000 
1.814815 	 5.449240 	 2.771834 	 0.000000 	 0.000000 	 0.000000 	 -0.588197 	 0.000000 
4.300073 	 -7.427834 	 3.903726 	 0.000000 	 0.000000 	 0.000000 	 -0.465380 	 0.000000 
-1.660880 	 4.630314 	 -7.528233 	 0.000000 	 0.000000 	 0.000000 	 -0.488136 	 0.000000 
-0.202630 	 2.712366 	 8.952549 	 0.000000 	 0.000000 	 0.000000 	 -0.458898 	 0.000000 
7.202493 	 4.357387 	 -2.894275 	 0.000000 	 0.000000 	 0.000000 	 -0.496430 	 0.000000 
0.122474 	 -1.515435 	 -0.900133 	 0.000000 	 0.000000 	 0.000000 	 -0.671544 	 0.000000 
-0.463755 	 2.517409 	 -6.882313 	 0.000000 	 0.000000 	 0.000000 	 -0.542297 	 0.000000 
-3.182516 	 3.089907 	 -4.115243 	 0.000000 	 0.000000 	 0.000000 	 -0.591729 	 0.000000 
1.915975 	 0.817376 	 1.426383 	 0.000000 	 0.000000 	 0.000000 	 -0.669306 	 0.000000 
7.081927 	 4.987966 	 3.593972 	 0.000000 	 0.000000 	 0.000000 	 -0.468079 	 0.000000 
2.853686 	 -5.156850 	 -6.198107 	 0.000000 	 0.000000 	 0.000000 	 -0.502880 	 0.000000 
-4.421207 	 6.377124 	 0.072889 	 0.000000 	 0.000000 	 0.000000 	 -0.555142 	 0.000000 
6.682980 	 -6.334399 	 0.250593 	 0.000000 	 0.000000 	 0.000000 	 -0.479383 	 0.000000 
-3.273533 	 -0.993161 	 -3.595449 	 0.000000 	 0.000000 	 0.000000 	 -0.617171 	 0.000000 
-5.422514 	 5.232947 	 4.463573 	 0.000000 	 0.000000 	 0.000000 	 -0.495772 	 0.000000 
5.230298 	 -2.073115 	 -4.914560 	 0.000000 	 0.000000 	 0.000000 	 -0.546578 	 0.000000 
7.714544 	 -5.534576 	 1.817661 	 0.000000 	 0.000000 	 0.000000 	 -0.456218 	 0.000000 
7.376540 	 2.034503 	 -1.752189 	 0.000000 	 0.000000 	 0.000000 	 -0.533603 	 0.000000 
-0.834096 	 8.067457 	 0.178174 	 0.000000 	 0.000000 	 0.000000 	 -0.519649 	 0.000000 
4.159776 	 3.488393 	 -6.778401 	 0.000000 	 0.000000 	 0.000000 	 -0.493210 	 0.000000 
-4.525538 	 5.568271 	 -1.267151 	 0.000000 	 0.000000 	 0.000000 	 -0.574777 	 0.000000 
-4.899591 	 4.125458 	 2.976736 	 0.000000 	 0.000000 	 0.000000 	 -0.561536 	 0.000000 
3.386094 	 -1.886814 	 5.521838 	 0.000000 	 0.000000 	 0.000000 	 -0.573980 	 0.000000 
-2.228001 	 -0.447295 	 -4.934809 	 0.000000 	 0.000000 	 0.000000 	 -0.613624 	 0.000000 
5.022953 	 2.861370 	 2.316340 	 0.000000 	 0.000000 	 0.000000 	 -0.597183 	 0.000000 
4.289805 	 5.559569 	 6.941760 	 0.000000 	 0.000000 	 0.000000 	 -0.451717 	 0.000000 
5.004625 	 7.082028 	 2.963304 	 0.000000 	 0.000000 	 0.000000 	 -0.488000 	 0.000000 
3.749143 	 8.382205 	 2.781667 	 0.000000 	 0.000000 	 0.000000 	 -0.469746 	 0.000000 
1.981759 	 3.607104 	 -2.644584 	 0.000000 	 0.000000 	 0.000000 	 -0.627845 	 0.000000 
3.528011 	 0.900149 	 -2.916807 	 0.000000 	 0.000000 	 0.000000 	 -0.623980 	 0.000000 
1.872095 	 -8.974308 	 -3.705723 	 0.000000 	 0.000000 	 0.000000 	 -0.454935 	 0.000000 
-4.455662 	 0.412716 	 -5.508932 	 0.000000 	 0.000000 	 0.000000 	 -0.574841 	 0.000000 
5.272650 	 -0.350367 	 -3.179456 	 0.000000 	 0.000000 	 0.000000 	 -0.583694 	 0.000000 
-4.330114 	 1.604618 	 -6.290889 	 0.000000 	 0.000000 	 0.000000 	 -0.545274 	 0.000000 
-7.621444 	 -0.881373 	 3.563399 	 0.000000 	 0.000000 	 0.000000 	 -0.520968 	 0.000000 
-1.379927 	 -4.049473 	 3.149264 	 0.000000 	 0.000000 	 0.000000 	 -0.617850 	 0.000000 
-7.523549 	 -5.428749 	 1.423319 	 0.000000 	 0.000000 	 0.000000 	 -0.468862 	 0.000000 
-4.184315 	 -0.704607 	 -3.460975 	 0.000000 	 0.000000 	 0.000000 	 -0.605664 	 0.000000 
-2.540003 	 -0.671553 	 -7.083199 	 0.000000 	 0.000000 	 0.000000 	 -0.565794 	 0.000000 
3.840987 	 0.910783 	 3.856254 	 0.000000 	 0.000000 	 0.000000 	 -0.614564 	 0.000000 
0.094077 	 -4.071390 	 -3.649948 	 0.000000 	 0.000000 	 0.000000 	 -0.603946 	 0.000000 
-4.460780 	 0.455883 	 5.724865 	 0.000000 	 0.000000 	 0.000000 	 -0.562525 	 0.000000 
2.466815 	 2.710905 	 1.596026 	 0.000000 	 0.000000 	 0.000000 	 -0.656309 	 0.000000 
-0.376048 	 7.115500 	 -4.738594 	 0.000000 	 0.000000 	 0.000000 	 -0.506413 	 0.000000 
-6.297023 	 -4.773941 	 5.473973 	 0.000000 	 0.000000 	 0.000000 	 -0.473599 	 0.000000 
-1.855414 	 -4.819418 	 6.076585 	 0.000000 	 0.000000 	 0.000000 	 -0.526106 	 0.000000 
6.661138 	 -4.744358 	 4.896368 	 0.000000 	 0.000000 	 0.000000 	 -0.475612 	 0.000000 
5.600578 	 2.333910 	 1.082047 	 0.000000 	 0.000000 	 0.000000 	 -0.592483 	 0.000000 
-8.701156 	 1.189339 	 -3.053825 	 0.000000 	 0.000000 	 0.000000 	 -0.474788 	 0.000000 
4.513176 	 -8.835751 	 -0.241367 	 0.000000 	 0.000000 	 0.000000 	 -0.445921 	 0.000000 
-3.903481 	 -3.011915 	 7.291380 	 0.000000 	 0.000000 	 0.000000 	 -0.501604 	 0.000000 
1.306887 	 1.169218 	 -1.721887 	 0.000000 	 0.000000 	 0.000000 	 -0.664521 	 0.000000 
-6.438548 	 6.291612 	 -3.871864 	 0.000000 	 0.000000 	 0.000000 	 -0.458609 	 0.000000 
-3.749755 	 4.230263 	 -7.012461 	 0.000000 	 0.000000 	 0.000000 	 -0.485517 	 0.000000 
-5.201309 	 2.696540 	 7.072852 	 0.000000 	 0.000000 	 0.000000 	 -0.481314 	 0.000000 
0.161630 	 3.426261 	 -4.003240 	 0.000000 	 0.000000 	 0.000000 	 -0.605215 	 0.000000 
2.002358 	 4.855053 	 2.235447 	 0.000000 	 0.000000 	 0.000000 	 -0.613050 	 0.000000 
-2.954058 	 -8.304989 	 1.665391 	 0.000000 	 0.000000 	 0.000000 	 -0.494841 	 0.000000 
0.658458 	 -2.818514 	 -3.307172 	 0.000000 	 0.000000 	 0.000000 	 -0.635697 	 0.000000 
-3.562363 	 5.954652 	 -3.498941 	 0.000000 	 0.000000 	 0.000000 	 -0.553661 	 0.000000 
3.500398 	 3.380648 	 -5.686481 	 0.000000 	 0.000000 	 0.000000 	 -0.543080 	 0.000000 
0.173340 	 2.413239 	 -9.456494 	 0.000000 	 0.000000 	 0.000000 	 -0.453363 	 0.000000 
2.982715 	 1.807125 	 -6.018116 	 0.000000 	 0.000000 	 0.000000 	 -0.555292 	 0.000000 
4.711498 	 3.613579 	 5.469415 	 0.000000 	 0.000000 	 0.000000 	 -0.546035 	 0.000000 
3.273424 	 8.261265 	 4.219270 	 0.000000 	 0.000000 	 0.000000 	 -0.453069 	 0.000000 
4.035579 	 1.448247 	 -5.210855 	 0.000000 	 0.000000 	 0.000000 	 -0.563093 	 0.000000 
4.150046 	 -5.319307 	 0.231149 	 0.000000 	 0.000000 	 0.000000 	 -0.566038 	 0.000000 
3.448594 	 3.022772 	 5.877772 	 0.000000 	 0.000000 	 0.000000 	 -0.555274 	 0.000000 
6.820792 	 -1.442342 	 3.796869 	 0.000000 	 0.000000 	 0.000000 	 -0.541945 	 0.000000 
-2.243619 	 -7.587111 	 3.048372 	 0.000000 	 0.000000 	 0.000000 	 -0.507032 	 0.000000 
1.254579 	 5.416087 	 -3.543141 	 0.000000 	 0.000000 	 0.000000 	 -0.583688 	 0.000000 
7.033105 	 -1.081871 	 4.363673 	 0.000000 	 0.000000 	 0.000000 	 -0.519821 	 0.000000 
5.367977 	 -2.024953 	 -4.665823 	 0.000000 	 0.000000 	 0.000000 	 -0.551090 	 0.000000 
-2.731524 	 6.119470 	 2.672726 	 0.000000 	 0.000000 	 0.000000 	 -0.543081 	 0.000000 
-3.701966 	 -4.986180 	 7.174635 	 0.000000 	 0.000000 	 0.000000 	 -0.477806 	 0.000000 
-3.819640 	 2.329491 	 5.548914 	 0.000000 	 0.000000 	 0.000000 	 -0.571645 	 0.000000 
0.013312 	 -7.192129 	 5.257995 	 0.000000 	 0.000000 	 0.000000 	 -0.482128 	 0.000000 
6.678710 	 -0.200766 	 6.611025 	 0.000000 	 0.000000 	 0.000000 	 -0.465255 	 0.000000 
6.670693 	 -2.729112 	 1.846702 	 0.000000 	 0.000000 	 0.000000 	 -0.535972 	 0.000000 
-5.247871 	 -1.173911 	 4.396321 	 0.000000 	 0.000000 	 0.000000 	 -0.584691 	 0.000000 
7.011814 	 -6.506557 	 -1.698240 	 0.000000 	 0.000000 	 0.000000 	 -0.459318 	 0.000000 
-2.980874 	 5.339829 	 -5.375603 	 0.000000 	 0.000000 	 0.000000 	 -0.518461 	 0.000000 
1.417994 	 5.653833 	 -5.545253 	 0.000000 	 0.000000 	 0.000000 	 -0.519189 	 0.000000 
-5.548882 	 -7.053967 	 4.153822 	 0.000000 	 0.000000 	 0.000000 	 -0.454671 	 0.000000 
-3.216359 	 -3.279865 	 -3.563603 	 0.000000 	 0.000000 	 0.000000 	 -0.585865 	 0.000000 
4.391370 	 -8.461276 	 1.154387 	 0.000000 	 0.000000 	 0.000000 	 -0.454698 	 0.000000 
0.243405 	 -4.765657 	 -1.550461 	 0.000000 	 0.000000 	 0.000000 	 -0.637920 	 0.000000 
-3.446297 	 2.245563 	 8.652174 	 0.000000 	 0.000000 	 0.000000 	 -0.456603 	 0.000000 
8.666276 	 0.595187 	 -0.267323 	 0.000000 	 0.000000 	 0.000000 	 -0.492457 	 0.000000 
2.833304 	 -1.809638 	 2.783235 	 0.000000 	 0.000000 	 0.000000 	 -0.637235 	 0.000000 
2.450730 	 2.865515 	 -9.248326 	 0.000000 	 0.000000 	 0.000000 	 -0.444569 	 0.000000 
-1.517316 	 2.117328 	 0.938933 	 0.000000 	 0.000000 	 0.000000 	 -0.665176 	 0.000000 
6.304677 	 6.617026 	 -1.243803 	 0.000000 	 0.000000 	 0.000000 	 -0.483290 	 0.000000 
-4.313448 	 0.287275 	 -6.719728 	 0.000000 	 0.000000 	 0.000000 	 -0.554689 	 0.000000 
2.211946 	 -3.565985 	 -6.356255 	 0.000000 	 0.000000 	 0.000000 	 -0.553292 	 0.000000 
1.308784 	 1.206103 	 -3.120513 	 0.000000 	 0.000000 	 0.000000 	 -0.648597 	 0.000000 
-5.947597 	 5.776860 	 0.686731 	 0.000000 	 0.000000 	 0.000000 	 -0.516650 	 0.000000 
1.308898 	 6.701809 	 5.038421 	 0.000000 	 0.000000 	 0.000000 	 -0.503355 	 0.000000 
4.644279 	 3.961350 	 -0.807109 	 0.000000 	 0.000000 	 0.000000 	 -0.599035 	 0.000000 
-7.458541 	 -2.928931 	 5.423459 	 0.000000 	 0.000000 	 0.000000 	 -0.487757 	 0.000000 
-1.491788 	 -0.133836 	 0.660585 	 0.000000 	 0.000000 	 0.000000 	 -0.676706 	 0.000000 
8.319191 	 -3.857913 	 -3.487291 	 0.000000 	 0.000000 	 0.000000 	 -0.444595 	 0.000000 
-9.376320 	 -1.717174 	 -2.802385 	 0.000000 	 0.000000 	 0.000000 	 -0.443716 	 0.000000 
-5.778562 	 -6.699542 	 -1.679388 	 0.000000 	 0.000000 	 0.000000 	 -0.489477 	 0.000000 
1.549279 	 -5.072238 	 4.732447 	 0.000000 	 0.000000 	 0.000000 	 -0.551648 	 0.000000 
-0.792757 	 -8.518755 	 -4.549588 	 0.000000 	 0.000000 	 0.000000 	 -0.462450 	 0.000000 
3.106720 	 2.753087 	 6.780085 	 0.000000 	 0.000000 	 0.000000 	 -0.538408 	 0.000000 
0.864558 	 -0.496650 	 5.545227 	 0.000000 	 0.000000 	 0.000000 	 -0.599836 	 0.000000 
5.129866 	 -7.853519 	 -2.826047 	 0.000000 	 0.000000 	 0.000000 	 -0.453508 	 0.000000 
0.153756 	 -3.608350 	 -1.331722 	 0.000000 	 0.000000 	 0.000000 	 -0.665984 	 0.000000 
6.041371 	 4.820319 	 0.657687 	 0.000000 	 0.000000 	 0.000000 	 -0.533283 	 0.000000 
1.812962 	 -3.976242 	 8.217594 	 0.000000 	 0.000000 	 0.000000 	 -0.464989 	 0.000000 
-6.542255 	 0.233582 	 3.871803 	 0.000000 	 0.000000 	 0.000000 	 -0.556558 	 0.000000 
2.483307 	 4.449926 	 -4.697756 	 0.000000 	 0.000000 	 0.000000 	 -0.570447 	 0.000000 
7.731700 	 1.044512 	 -6.003487 	 0.000000 	 0.000000 	 0.000000 	 -0.444181 	 0.000000 
-2.699510 	 -1.488486 	 -7.128881 	 0.000000 	 0.000000 	 0.000000 	 -0.559222 	 0.000000 
-3.708619 	 5.305586 	 -0.468077 	 0.000000 	 0.000000 	 0.000000 	 -0.609098 	 0.000000 
-2.409880 	 2.086757 	 -5.341298 	 0.000000 	 0.000000 	 0.000000 	 -0.582568 	 0.000000 
5.177479 	 0.256629 	 -5.178395 	 0.000000 	 0.000000 	 0.000000 	 -0.538343 	 0.000000 
2.711335 	 3.848114 	 -2.218236 	 0.000000 	 0.000000 	 0.000000 	 -0.625827 	 0.000000 
-4.052919 	 0.317543 	 -6.002645 	 0.000000 	 0.000000 	 0.000000 	 -0.582650 	 0.000000 
2.982442 	 -3.985622 	 -3.159912 	 0.000000 	 0.000000 	 0.000000 	 -0.593176 	 0.000000 
2.831111 	 -6.168082 	 -2.650380 	 0.000000 	 0.000000 	 0.000000 	 -0.556215 	 0.000000 
-6.858371 	 -0.391692 	 -5.613422 	 0.000000 	 0.000000 	 0.000000 	 -0.494938 	 0.000000 
0.395224 	 8.930018 	 -3.166033 	 0.000000 	 0.000000 	 0.000000 	 -0.480761 	 0.000000 
-3.967548 	 -8.263147 	 -2.649553 	 0.000000 	 0.000000 	 0.000000 	 -0.472682 	 0.000000 
0.973220 	 -6.579030 	 1.062403 	 0.000000 	 0.000000 	 0.000000 	 -0.560727 	 0.000000 
-4.840378 	 0.774355 	 -6.732070 	 0.000000 	 0.000000 	 0.000000 	 -0.536126 	 0.000000 
1.001533 	 -8.195607 	 -4.041694 	 0.000000 	 0.000000 	 0.000000 	 -0.486079 	 0.000000 
-8.090623 	 2.068829 	 5.434172 	 0.000000 	 0.000000 	 0.000000 	 -0.446471 	 0.000000 
-6.323359 	 6.484906 	 -0.870452 	 0.000000 	 0.000000 	 0.000000 	 -0.493901 	 0.000000 
3.951273 	 -4.735976 	 7.183234 	 0.000000 	 0.000000 	 0.000000 	 -0.456022 	 0.000000 
3.164988 	 3.661989 	 -3.812967 	 0.000000 	 0.000000 	 0.000000 	 -0.598640 	 0.000000 
-1.751029 	 4.190813 	 -8.051359 	 0.000000 	 0.000000 	 0.000000 	 -0.478733 	 0.000000 
-3.813692 	 -5.663476 	 -0.525307 	 0.000000 	 0.000000 	 0.000000 	 -0.565401 	 0.000000 
-1.766895 	 -1.477695 	 -0.959077 	 0.000000 	 0.000000 	 0.000000 	 -0.662091 	 0.000000 
-5.253633 	 1.172026 	 5.405584 	 0.000000 	 0.000000 	 0.000000 	 -0.562146 	 0.000000 
-1.099925 	 -4.511350 	 4.995643 	 0.000000 	 0.000000 	 0.000000 	 -0.564187 	 0.000000 
-2.918024 	 -2.047955 	 8.367360 	 0.000000 	 0.000000 	 0.000000 	 -0.482903 	 0.000000 
0.218695 	 -0.031575 	 1.010544 	 0.000000 	 0.000000 	 0.000000 	 -0.679848 	 0.000000 
-0.290971 	 -9.636174 	 1.957316 	 0.000000 	 0.000000 	 0.000000 	 -0.460688 	 0.000000 
8.247958 	 0.111864 	 -1.944163 	 0.000000 	 0.000000 	 0.000000 	 -0.501277 	 0.000000 
0.540805 	 1.985093 	 5.458881 	 0.000000 	 0.000000 	 0.000000 	 -0.597004 	 0.000000 
-4.892340 	 7.663955 	 -1.528473 	 0.000000 	 0.000000 	 0.000000 	 -0.493810 	 0.000000 
-1.887032 	 8.442536 	 4.873769 	 0.000000 	 0.000000 	 0.000000 	 -0.441071 	 0.000000 
1.210556 	 -6.348079 	 3.904494 	 0.000000 	 0.000000 	 0.000000 	 -0.534297 	 0.000000 
8.275023 	 1.257150 	 -1.814508 	 0.000000 	 0.000000 	 0.000000 	 -0.506082 	 0.000000 
1.204638 	 -5.687747 	 -2.933634 	 0.000000 	 0.000000 	 0.000000 	 -0.580925 	 0.000000 
-7.586583 	 -4.876704 	 2.908458 	 0.000000 	 0.000000 	 0.000000 	 -0.474297 	 0.000000 
-0.428855 	 6.832621 	 -2.075414 	 0.000000 	 0.000000 	 0.000000 	 -0.575821 	 0.000000 
-3.211264 	 5.569001 	 -3.405560 	 0.000000 	 0.000000 	 0.000000 	 -0.576074 	 0.000000 
-4.531849 	 -2.385133 	 5.532981 	 0.000000 	 0.000000 	 0.000000 	 -0.551596 	 0.000000 
-2.729688 	 -5.142264 	 7.235460 	 0.000000 	 0.000000 	 0.000000 	 -0.481130 	 0.000000 
-3.858490 	 -2.048023 	 -2.044939 	 0.000000 	 0.000000 	 0.000000 	 -0.617242 	 0.000000 
0.919644 	 1.264928 	 3.366631 	 0.000000 	 0.000000 	 0.000000 	 -0.655698 	 0.000000 
-1.903297 	 3.031056 	 7.132475 	 0.000000 	 0.000000 	 0.000000 	 -0.515476 	 0.000000 
2.344814 	 -7.819474 	 1.195435 	 0.000000 	 0.000000 	 0.000000 	 -0.507003 	 0.000000 
4.441248 	 -2.207725 	 -7.378364 	 0.000000 	 0.000000 	 0.000000 	 -0.483896 	 0.000000 
2.583434 	 2.257001 	 -2.973129 	 0.000000 	 0.000000 	 0.000000 	 -0.631369 	 0.000000 
-0.445164 	 6.512071 	 6.629308 	 0.000000 	 0.000000 	 0.000000 	 -0.464304 	 0.000000 
5.671572 	 4.664155 	 -3.634836 	 0.000000 	 0.000000 	 0.000000 	 -0.532474 	 0.000000 
3.081098 	 -2.972166 	 -8.399032 	 0.000000 	 0.000000 	 0.000000 	 -0.471627 	 0.000000 
-4.691530 	 -0.088977 	 -7.351643 	 0.000000 	 0.000000 	 0.000000 	 -0.519785 	 0.000000 
1.613330 	 -3.252668 	 0.993526 	 0.000000 	 0.000000 	 0.000000 	 -0.643125 	 0.000000 
1.498386 	 0.237017 	 5.730647 	 0.000000 	 0.000000 	 0.000000 	 -0.594429 	 0.000000 
7.736152 	 -0.588188 	 3.696065 	 0.000000 	 0.000000 	 0.000000 	 -0.514472 	 0.000000 
-2.462510 	 7.660610 	 -0.714993 	 0.000000 	 0.000000 	 0.000000 	 -0.525803 	 0.000000 
4.639061 	 7.085182 	 -5.137688 	 0.000000 	 0.000000 	 0.000000 	 -0.454548 	 0.000000 
4.810854 	 2.421078 	 -1.918485 	 0.000000 	 0.000000 	 0.000000 	 -0.605950 	 0.000000 
-3.880816 	 6.053719 	 -4.260888 	 0.000000 	 0.000000 	 0.000000 	 -0.522789 	 0.000000 
3.126260 	 6.533800 	 3.958179 	 0.000000 	 0.000000 	 0.000000 	 -0.518996 	 0.000000 
-1.656911 	 2.976349 	 0.379442 	 0.000000 	 0.000000 	 0.000000 	 -0.659512 	 0.000000 
4.384368 	 -0.089926 	 7.386105 	 0.000000 	 0.000000 	 0.000000 	 -0.497754 	 0.000000 
-6.707041 	 5.103968 	 -3.155847 	 0.000000 	 0.000000 	 0.000000 	 -0.490912 	 0.000000 
-3.698924 	 -3.779112 	 8.144393 	 0.000000 	 0.000000 	 0.000000 	 -0.460640 	 0.000000 
-6.829569 	 -2.269316 	 6.086752 	 0.000000 	 0.000000 	 0.000000 	 -0.481550 	 0.000000 
4.538823 	 4.975901 	 1.578570 	 0.000000 	 0.000000 	 0.000000 	 -0.576215 	 0.000000 
7.341327 	 -0.078188 	 3.840725 	 0.000000 	 0.000000 	 0.000000 	 -0.518815 	 0.000000 
-5.634888 	 -5.432392 	 3.671066 	 0.000000 	 0.000000 	 0.000000 	 -0.502791 	 0.000000 
-5.659074 	 -3.837958 	 5.107927 	 0.000000 	 0.000000 	 0.000000 	 -0.520247 	 0.000000 
6.360540 	 -7.059463 	 0.153086 	 0.000000 	 0.000000 	 0.000000 	 -0.464999 	 0.000000 
-6.420155 	 -5.831216 	 -1.941924 	 0.000000 	 0.000000 	 0.000000 	 -0.484634 	 0.000000 
1.927181 	 2.819698 	 -0.472410 	 0.000000 	 0.000000 	 0.000000 	 -0.655763 	 0.000000 
-2.451224 	 -6.442682 	 -6.304182 	 0.000000 	 0.000000 	 0.000000 	 -0.472465 	 0.000000 
-4.436803 	 -4.309717 	 2.288857 	 0.000000 	 0.000000 	 0.000000 	 -0.571330 	 0.000000 
-3.698981 	 -1.401979 	 -2.574248 	 0.000000 	 0.000000 	 0.000000 	 -0.623615 	 0.000000 
-3.512163 	 -5.493111 	 2.964575 	 0.000000 	 0.000000 	 0.000000 	 -0.552493 	 0.000000 
6.666879 	 1.412114 	 -2.466255 	 0.000000 	 0.000000 	 0.000000 	 -0.556567 	 0.000000 
1.560595 	 0.842100 	 4.797329 	 0.000000 	 0.000000 	 0.000000 	 -0.622021 	 0.000000 
-6.429954 	 0.624097 	 1.982440 	 0.000000 	 0.000000 	 0.000000 	 -0.576004 	 0.000000 
-7.372309 	 -0.180134 	 -0.939358 	 0.000000 	 0.000000 	 0.000000 	 -0.537931 	 0.000000 
3.295642 	 -4.194406 	 -7.934630 	 0.000000 	 0.000000 	 0.000000 	 -0.467022 	 0.000000 
-3.198727 	 6.662281 	 -5.838710 	 0.000000 	 0.000000 	 0.000000 	 -0.467743 	 0.000000 
4.730083 	 1.248426 	 7.697473 	 0.000000 	 0.000000 	 0.000000 	 -0.483559 	 0.000000 
-0.151307 	 3.065254 	 0.972160 	 0.000000 	 0.000000 	 0.000000 	 -0.654956 	 0.000000 
-2.489505 	 1.150124 	 -9.555101 	 0.000000 	 0.000000 	 0.000000 	 -0.456547 	 0.000000 
5.706125 	 4.198139 	 -6.111315 	 0.000000 	 0.000000 	 0.000000 	 -0.474163 	 0.000000 
-5.163967 	 -7.708365 	 -0.939085 	 0.000000 	 0.000000 	 0.000000 	 -0.480251 	 0.000000 
-2.757766 	 3.775252 	 -3.308765 	 0.000000 	 0.000000 	 0.000000 	 -0.598002 	 0.000000 
5.912689 	 -3.303082 	 -2.271992 	 0.000000 	 0.000000 	 0.000000 	 -0.552234 	 0.000000 
-4.292299 	 4.216269 	 0.458076 	 0.000000 	 0.000000 	 0.000000 	 -0.604134 	 0.000000 
0.658187 	 -3.138325 	 -3.507432 	 0.000000 	 0.000000 	 0.000000 	 -0.628487 	 0.000000 
3.910464 	 5.278752 	 2.523028 	 0.000000 	 0.000000 	 0.000000 	 -0.577527 	 0.000000 
5.013043 	 1.908629 	 -5.451287 	 0.000000 	 0.000000 	 0.000000 	 -0.531961 	 0.000000 
-1.688804 	 -6.952238 	 -1.271707 	 0.000000 	 0.000000 	 0.000000 	 -0.555621 	 0.000000 
-2.130895 	 -0.047979 	 6.730745 	 0.000000 	 0.000000 	 0.000000 	 -0.550811 	 0.000000 
-2.646965 	 -5.031480 	 -4.714625 	 0.000000 	 0.000000 	 0.000000 	 -0.546285 	 0.000000 
-8.711668 	 -2.226493 	 -2.689242 	 0.000000 	 0.000000 	 0.000000 	 -0.464133 	 0.000000 
-3.967635 	 -8.422087 	 -0.850953 	 0.000000 	 0.000000 	 0.000000 	 -0.494433 	 0.000000 
-2.325252 	 -3.098891 	 -7.445152 	 0.000000 	 0.000000 	 0.000000 	 -0.553065 	 0.000000 
-4.835765 	 5.762329 	 0.087101 	 0.000000 	 0.000000 	 0.000000 	 -0.561639 	 0.000000 
2.188073 	 1.716304 	 2.191107 	 0.000000 	 0.000000 	 0.000000 	 -0.661977 	 0.000000 
0.261059 	 3.913207 	 3.643115 	 0.000000 	 0.000000 	 0.000000 	 -0.599889 	 0.000000 
-2.355309 	 -4.072750 	 2.789729 	 0.000000 	 0.000000 	 0.000000 	 -0.609842 	 0.000000 
2.284527 	 2.745441 	 -8.840377 	 0.000000 	 0.000000 	 0.000000 	 -0.462008 	 0.000000 
-1.742777 	 7.577191 	 3.903044 	 0.000000 	 0.000000 	 0.000000 	 -0.489535 	 0.000000 
-3.903501 	 -7.924197 	 2.608686 	 0.000000 	 0.000000 	 0.000000 	 -0.480810 	 0.000000 
-4.761729 	 -0.638893 	 3.876361 	 0.000000 	 0.000000 	 0.000000 	 -0.614615 	 0.000000 
3.466423 	 -7.165685 	 5.988264 	 0.000000 	 0.000000 	 0.000000 	 -0.441073 	 0.000000 
9.090486 	 1.066356 	 -0.734261 	 0.000000 	 0.000000 	 0.000000 	 -0.478489 	 0.000000 
-3.115631 	 4.351292 	 -8.135558 	 0.000000 	 0.000000 	 0.000000 	 -0.460295 	 0.000000 
-0.793300 	 -7.073133 	 -5.745719 	 0.000000 	 0.000000 	 0.000000 	 -0.478649 	 0.000000 
-4.036317 	 -3.528226 	 -6.218215 	 0.000000 	 0.000000 	 0.000000 	 -0.527711 	 0.000000 
-0.420865 	 0.320656 	 -3.442429 	 0.000000 	 0.000000 	 0.000000 	 -0.648425 	 0.000000 
-4.564686 	 2.094071 	 5.701084 	 0.000000 	 0.000000 	 0.000000 	 -0.550958 	 0.000000 
-3.764441 	 -6.162037 	 -1.727227 	 0.000000 	 0.000000 	 0.000000 	 -0.552456 	 0.000000 
-1.496885 	 -0.031782 	 9.716533 	 0.000000 	 0.000000 	 0.000000 	 -0.443179 	 0.000000 
-2.049299 	 -0.678173 	 -8.726136 	 0.000000 	 0.000000 	 0.000000 	 -0.516573 	 0.000000 
-0.212894 	 -0.323881 	 -6.791242 	 0.000000 	 0.000000 	 0.000000 	 -0.567885 	 0.000000 
-2.918650 	 -1.737980 	 3.195571 	 0.000000 	 0.000000 	 0.000000 	 -0.632285 	 0.000000 
2.995755 	 1.730967 	 1.256391 	 0.000000 	 0.000000 	 0.000000 	 -0.661868 	 0.000000 
-4.162538 	 8.536071 	 1.399479 	 0.000000 	 0.000000 	 0.000000 	 -0.465149 	 0.000000 
-7.434340 	 -1.684471 	 0.486082 	 0.000000 	 0.000000 	 0.000000 	 -0.530220 	 0.000000 
-3.043797 	 3.080480 	 -4.771668 	 0.000000 	 0.000000 	 0.000000 	 -0.580251 	 0.000000 
4.800731 	 8.641095 	 1.474957 	 0.000000 	 0.000000 	 0.000000 	 -0.450795 	 0.000000 
-0.767971 	 5.889632 	 -2.118447 	 0.000000 	 0.000000 	 0.000000 	 -0.602624 	 0.000000 
-4.880375 	 -2.468334 	 -6.982575 	 0.000000 	 0.000000 	 0.000000 	 -0.506156 	 0.000000 
7.657876 	 -6.064924 	 -1.701965 	 0.000000 	 0.000000 	 0.000000 	 -0.449650 	 0.000000 
-2.849574 	 4.750144 	 8.183939 	 0.000000 	 0.000000 	 0.000000 	 -0.449376 	 0.000000 
-1.451390 	 -8.804632 	 1.201814 	 0.000000 	 0.000000 	 0.000000 	 -0.514279 	 0.000000 
2.256218 	 8.143413 	 -2.188611 	 0.000000 	 0.000000 	 0.000000 	 -0.500353 	 0.000000 
-0.566310 	 -1.059487 	 4.174884 	 0.000000 	 0.000000 	 0.000000 	 -0.634066 	 0.000000 
-5.761083 	 -0.682439 	 -0.930948 	 0.000000 	 0.000000 	 0.000000 	 -0.584414 	 0.000000 
-4.344242 	 -8.534747 	 0.640962 	 0.000000 	 0.000000 	 0.000000 	 -0.469062 	 0.000000 
-6.112728 	 5.237648 	 3.644505 	 0.000000 	 0.000000 	 0.000000 	 -0.497986 	 0.000000 
4.021303 	 -1.123518 	 -2.716760 	 0.000000 	 0.000000 	 0.000000 	 -0.605856 	 0.000000 
-7.227437 	 0.412730 	 6.653881 	 0.000000 	 0.000000 	 0.000000 	 -0.462883 	 0.000000 
0.590098 	 8.297084 	 2.535074 	 0.000000 	 0.000000 	 0.000000 	 -0.494142 	 0.000000 
-1.859233 	 -1.934339 	 6.637895 	 0.000000 	 0.000000 	 0.000000 	 -0.555001 	 0.000000 
1.808126 	 6.059455 	 -3.070784 	 0.000000 	 0.000000 	 0.000000 	 -0.574174 	 0.000000 
-1.831007 	 -0.423077 	 -3.238067 	 0.000000 	 0.000000 	 0.000000 	 -0.639395 	 0.000000 
3.684845 	 4.983296 	 -2.884221 	 0.000000 	 0.000000 	 0.000000 	 -0.585894 	 0.000000 
-3.700647 	 -7.602978 	 1.345310 	 0.000000 	 0.000000 	 0.000000 	 -0.506511 	 0.000000 
1.109484 	 -8.723403 	 -3.732535 	 0.000000 	 0.000000 	 0.000000 	 -0.475600 	 0.000000 
5.464377 	 -2.489796 	 0.387999 	 0.000000 	 0.000000 	 0.000000 	 -0.582661 	 0.000000 
0.679869 	 0.257640 	 3.850656 	 0.000000 	 0.000000 	 0.000000 	 -0.659881 	 0.000000 
-0.629364 	 6.861323 	 -5.931038 	 0.000000 	 0.000000 	 0.000000 	 -0.481866 	 0.000000 
-5.539935 	 -2.247091 	 2.954844 	 0.000000 	 0.000000 	 0.000000 	 -0.585622 	 0.000000 
4.334373 	 1.414539 	 7.394718 	 0.000000 	 0.000000 	 0.000000 	 -0.502232 	 0.000000 
-4.614990 	 -5.632800 	 -0.599028 	 0.000000 	 0.000000 	 0.000000 	 -0.547777 	 0.000000 
-0.686649 	 -2.475683 	 1.483111 	 0.000000 	 0.000000 	 0.000000 	 -0.662133 	 0.000000 
-3.633775 	 -2.285723 	 6.505820 	 0.000000 	 0.000000 	 0.000000 	 -0.549347 	 0.000000 
-4.345582 	 2.797116 	 0.047320 	 0.000000 	 0.000000 	 0.000000 	 -0.619726 	 0.000000 
2.068349 	 4.221961 	 -8.600395 	 0.000000 	 0.000000 	 0.000000 	 -0.445356 	 0.000000 
-2.385381 	 -0.937188 	 -9.244308 	 0.000000 	 0.000000 	 0.000000 	 -0.487294 	 0.000000 
-5.192270 	 4.241872 	 1.171171 	 0.000000 	 0.000000 	 0.000000 	 -0.570341 	 0.000000 
4.943292 	 -2.002354 	 0.562783 	 0.000000 	 0.000000 	 0.000000 	 -0.602691 	 0.000000 
1.763446 	 3.919260 	 -0.151406 	 0.000000 	 0.000000 	 0.000000 	 -0.645512 	 0.000000 
-5.881254 	 3.884091 	 6.468639 	 0.000000 	 0.000000 	 0.000000 	 -0.469792 	 0.000000 
-2.670525 	 -1.858111 	 0.352935 	 0.000000 	 0.000000 	 0.000000 	 -0.651572 	 0.000000 
6.665155 	 -1.187166 	 -5.596242 	 0.000000 	 0.000000 	 0.000000 	 -0.489654 	 0.000000 
6.051229 	 4.473200 	 6.303960 	 0.000000 	 0.000000 	 0.000000 	 -0.459030 	 0.000000 
8.699445 	 1.021148 	 -4.422940 	 0.000000 	 0.000000 	 0.000000 	 -0.449926 	 0.000000 
-1.534564 	 4.497518 	 7.466749 	 0.000000 	 0.000000 	 0.000000 	 -0.484786 	 0.000000 
5.215813 	 1.998488 	 6.782433 	 0.000000 	 0.000000 	 0.000000 	 -0.497335 	 0.000000 
2.780374 	 9.004023 	 2.625704 	 0.000000 	 0.000000 	 0.000000 	 -0.462415 	 0.000000 
6.400889 	 5.717277 	 -1.777271 	 0.000000 	 0.000000 	 0.000000 	 -0.503582 	 0.000000 
-3.951485 	 2.722828 	 -4.381832 	 0.000000 	 0.000000 	 0.000000 	 -0.589037 	 0.000000 
1.776556 	 0.399478 	 3.528170 	 0.000000 	 0.000000 	 0.000000 	 -0.655923 	 0.000000 
1.415512 	 -8.634723 	 2.547646 	 0.000000 	 0.000000 	 0.000000 	 -0.484590 	 0.000000 
-1.457317 	 5.772444 	 -2.301896 	 0.000000 	 0.000000 	 0.000000 	 -0.594767 	 0.000000 
-1.352631 	 -0.059582 	 5.567250 	 0.000000 	 0.000000 	 0.000000 	 -0.592227 	 0.000000 
2.207286 	 -3.337642 	 -6.290319 	 0.000000 	 0.000000 	 0.000000 	 -0.558871 	 0.000000 
8.963331 	 1.330383 	 4.207961 	 0.000000 	 0.000000 	 0.000000 	 -0.436000 	 0.000000 
4.133649 	 4.105922 	 4.093960 	 0.000000 	 0.000000 	 0.000000 	 -0.572009 	 0.000000 
5.266631 	 4.444185 	 -0.988783 	 0.000000 	 0.000000 	 0.000000 	 -0.571388 	 0.000000 
1.089485 	 5.348879 	 0.804560 	 0.000000 	 0.000000 	 0.000000 	 -0.610820 	 0.000000 
-4.712904 	 -6.801964 	 3.942204 	 0.000000 	 0.000000 	 0.000000 	 -0.484284 	 0.000000 
-3.643596 	 2.500481 	 -8.053252 	 0.000000 	 0.000000 	 0.000000 	 -0.487412 	 0.000000 
-1.821128 	 1.197630 	 0.525950 	 0.000000 	 0.000000 	 0.000000 	 -0.669558 	 0.000000 
-4.180924 	 -3.082990 	 -6.513118 	 0.000000 	 0.000000 	 0.000000 	 -0.526854 	 0.000000 
4.857490 	 -1.146844 	 5.322377 	 0.000000 	 0.000000 	 0.000000 	 -0.551971 	 0.000000 
-7.490399 	 -1.752695 	 -5.377799 	 0.000000 	 0.000000 	 0.000000 	 -0.475137 	 0.000000 
-6.796024 	 1.031428 	 3.307802 	 0.000000 	 0.000000 	 0.000000 	 -0.548038 	 0.000000 
-3.243223 	 -6.342499 	 5.358021 	 0.000000 	 0.000000 	 0.000000 	 -0.501630 	 0.000000 
3.022873 	 -0.696859 	 2.177237 	 0.000000 	 0.000000 	 0.000000 	 -0.648570 	 0.000000 
2.656738 	 -2.537290 	 8.005984 	 0.000000 	 0.000000 	 0.000000 	 -0.484506 	 0.000000 
2.495536 	 -0.333801 	 3.402378 	 0.000000 	 0.000000 	 0.000000 	 -0.647592 	 0.000000 
2.862211 	 -4.751584 	 3.252239 	 0.000000 	 0.000000 	 0.000000 	 -0.592968 	 0.000000 
4.123234 	 1.542060 	 -3.384398 	 0.000000 	 0.000000 	 0.000000 	 -0.606246 	 0.000000 
1.779715 	 -3.422529 	 5.806068 	 0.000000 	 0.000000 	 0.000000 	 -0.555074 	 0.000000 
-3.994960 	 2.604960 	 -4.583604 	 0.000000 	 0.000000 	 0.000000 	 -0.585398 	 0.000000 
-3.922988 	 2.347934 	 5.308352 	 0.000000 	 0.000000 	 0.000000 	 -0.577005 	 0.000000 
-1.898677 	 -0.884516 	 -8.012775 	 0.000000 	 0.000000 	 0.000000 	 -0.546543 	 0.000000 
4.371643 	 -5.560027 	 4.158479 	 0.000000 	 0.000000 	 0.000000 	 -0.519498 	 0.000000 
0.420647 	 -7.991840 	 3.457993 	 0.000000 	 0.000000 	 0.000000 	 -0.502394 	 0.000000 
-5.825721 	 2.101349 	 2.736702 	 0.000000 	 0.000000 	 0.000000 	 -0.574685 	 0.000000 
-4.628752 	 -6.862418 	 -3.875140 	 0.000000 	 0.000000 	 0.000000 	 -0.486446 	 0.000000 
2.437896 	 -4.423363 	 3.020182 	 0.000000 	 0.000000 	 0.000000 	 -0.604737 	 0.000000 
-6.307407 	 -1.664874 	 -6.964621 	 0.000000 	 0.000000 	 0.000000 	 -0.473627 	 0.000000 
-5.231335 	 -4.437238 	 1.117508 	 0.000000 	 0.000000 	 0.000000 	 -0.554771 	 0.000000 
3.179081 	 5.293719 	 -3.998501 	 0.000000 	 0.000000 	 0.000000 	 -0.560100 	 0.000000 
3.812348 	 -1.040743 	 8.092355 	 0.000000 	 0.000000 	 0.000000 	 -0.475354 	 0.000000 
-3.469484 	 -1.576151 	 -2.035070 	 0.000000 	 0.000000 	 0.000000 	 -0.631840 	 0.000000 
-4.635469 	 4.485269 	 3.493096 	 0.000000 	 0.000000 	 0.000000 	 -0.549475 	 0.000000 
5.508286 	 -2.205150 	 -3.826069 	 0.000000 	 0.000000 	 0.000000 	 -0.552241 	 0.000000 
-0.097391 	 -1.971442 	 4.081543 	 0.000000 	 0.000000 	 0.000000 	 -0.636671 	 0.000000 
8.226482 	 -1.507830 	 -3.305044 	 0.000000 	 0.000000 	 0.000000 	 -0.478592 	 0.000000 
1.996705 	 2.577176 	 6.308243 	 0.000000 	 0.000000 	 0.000000 	 -0.566186 	 0.000000 
6.504402 	 2.164130 	 -3.155413 	 0.000000 	 0.000000 	 0.000000 	 -0.565647 	 0.000000 
8.175600 	 -4.038250 	 3.606267 	 0.000000 	 0.000000 	 0.000000 	 -0.459331 	 0.000000 
0.226887 	 -7.095843 	 -2.057197 	 0.000000 	 0.000000 	 0.000000 	 -0.547994 	 0.000000 
-2.972738 	 7.257161 	 4.668529 	 0.000000 	 0.000000 	 0.000000 	 -0.474124 	 0.000000 
1.604615 	 -4.870252 	 1.531001 	 0.000000 	 0.000000 	 0.000000 	 -0.603478 	 0.000000 
7.700666 	 -1.448486 	 -5.222373 	 0.000000 	 0.000000 	 0.000000 	 -0.460273 	 0.000000 
-5.041149 	 0.908178 	 6.524387 	 0.000000 	 0.000000 	 0.000000 	 -0.526065 	 0.000000 
-7.296049 	 -0.813280 	 -3.427263 	 0.000000 	 0.000000 	 0.000000 	 -0.521577 	 0.000000 
-1.776379 	 4.607196 	 -4.923031 	 0.000000 	 0.000000 	 0.000000 	 -0.556779 	 0.000000 
-8.473546 	 -3.720903 	 -1.616549 	 0.000000 	 0.000000 	 0.000000 	 -0.455675 	 0.000000 
-0.565818 	 -7.701032 	 6.192463 	 0.000000 	 0.000000 	 0.000000 	 -0.445081 	 0.000000 
7.467297 	 2.912088 	 -5.462665 	 0.000000 	 0.000000 	 0.000000 	 -0.458453 	 0.000000 
-2.678245 	 -0.549101 	 -4.758810 	 0.000000 	 0.000000 	 0.000000 	 -0.612522 	 0.000000 
-3.571643 	 0.498182 	 -1.679474 	 0.000000 	 0.000000 	 0.000000 	 -0.631381 	 0.000000 
-7.913268 	 -1.790389 	 3.606208 	 0.000000 	 0.000000 	 0.000000 	 -0.508157 	 0.000000 
8.577340 	 0.554129 	 1.373299 	 0.000000 	 0.000000 	 0.000000 	 -0.485317 	 0.000000 
0.581028 	 -1.426644 	 -4.840976 	 0.000000 	 0.000000 	 0.000000 	 -0.633885 	 0.000000 
4.010631 	 -7.701751 	 2.622756 	 0.000000 	 0.000000 	 0.000000 	 -0.475443 	 0.000000 
2.729592 	 -0.266753 	 0.501440 	 0.000000 	 0.000000 	 0.000000 	 -0.660463 	 0.000000 
3.521334 	 -6.783407 	 -4.920602 	 0.000000 	 0.000000 	 0.000000 	 -0.478302 	 0.000000 
-3.285323 	 4.433421 	 -0.694901 	 0.000000 	 0.000000 	 0.000000 	 -0.651271 	 0.000000 
-8.543920 	 2.141381 	 -4.033574 	 0.000000 	 0.000000 	 0.000000 	 -0.465774 	 0.000000 
-8.963209 	 0.669337 	 -2.874326 	 0.000000 	 0.000000 	 0.000000 	 -0.467386 	 0.000000 
-0.191473 	 2.171800 	 -2.174738 	 0.000000 	 0.000000 	 0.000000 	 -0.656321 	 0.000000 
-4.863331 	 6.959631 	 0.766632 	 0.000000 	 0.000000 	 0.000000 	 -0.515284 	 0.000000 
-0.840373 	 6.934999 	 3.103792 	 0.000000 	 0.000000 	 0.000000 	 -0.527534 	 0.000000 
0.076221 	 1.110580 	 -8.662649 	 0.000000 	 0.000000 	 0.000000 	 -0.506510 	 0.000000 
5.245157 	 2.194876 	 5.897253 	 0.000000 	 0.000000 	 0.000000 	 -0.523431 	 0.000000 
5.681255 	 -1.153863 	 2.220839 	 0.000000 	 0.000000 	 0.000000 	 -0.588108 	 0.000000 
8.131622 	 -4.556024 	 3.121103 	 0.000000 	 0.000000 	 0.000000 	 -0.456368 	 0.000000 
-4.084892 	 -5.743223 	 -5.119640 	 0.000000 	 0.000000 	 0.000000 	 -0.498329 	 0.000000 
-0.265590 	 -0.217738 	 -2.357719 	 0.000000 	 0.000000 	 0.000000 	 -0.667721 	 0.000000 
3.095599 	 -2.186891 	 5.111022 	 0.000000 	 0.000000 	 0.000000 	 -0.590014 	 0.000000 
-4.326291 	 3.013847 	 3.342220 	 0.000000 	 0.000000 	 0.000000 	 -0.586908 	 0.000000 
3.552875 	 -4.362589 	 1.652360 	 0.000000 	 0.000000 	 0.000000 	 -0.593291 	 0.000000 
-5.162383 	 1.147261 	 1.945410 	 0.000000 	 0.000000 	 0.000000 	 -0.613925 	 0.000000 
3.523386 	 7.128811 	 -4.390293 	 0.000000 	 0.000000 	 0.000000 	 -0.489918 	 0.000000 
4.365646 	 -7.022806 	 4.627104 	 0.000000 	 0.000000 	 0.000000 	 -0.464462 	 0.000000 
4.805096 	 4.264642 	 5.284516 	 0.000000 	 0.000000 	 0.000000 	 -0.531664 	 0.000000 
-0.240319 	 2.250493 	 0.465260 	 0.000000 	 0.000000 	 0.000000 	 -0.667772 	 0.000000 
3.100106 	 4.643696 	 6.285904 	 0.000000 	 0.000000 	 0.000000 	 -0.511876 	 0.000000 
-0.256579 	 -0.858445 	 -0.662197 	 0.000000 	 0.000000 	 0.000000 	 -0.677868 	 0.000000 
-6.075792 	 1.035469 	 -7.192882 	 0.000000 	 0.000000 	 0.000000 	 -0.472001 	 0.000000 
-0.193628 	 -9.628903 	 0.349026 	 0.000000 	 0.000000 	 0.000000 	 -0.469865 	 0.000000 
2.312980 	 -4.284599 	 -2.894081 	 0.000000 	 0.000000 	 0.000000 	 -0.603321 	 0.000000 
-5.023163 	 6.484493 	 2.378231 	 0.000000 	 0.000000 	 0.000000 	 -0.508063 	 0.000000 
5.050920 	 3.607139 	 2.892953 	 0.000000 	 0.000000 	 0.000000 	 -0.577230 	 0.000000 
3.109911 	 1.831453 	 2.491116 	 0.000000 	 0.000000 	 0.000000 	 -0.646283 	 0.000000 
0.037251 	 6.694116 	 -1.745772 	 0.000000 	 0.000000 	 0.000000 	 -0.582511 	 0.000000 
-5.019408 	 6.750434 	 3.264464 	 0.000000 	 0.000000 	 0.000000 	 -0.486595 	 0.000000 
7.806322 	 -4.158003 	 4.646086 	 0.000000 	 0.000000 	 0.000000 	 -0.452952 	 0.000000 
8.160417 	 4.146346 	 3.359630 	 0.000000 	 0.000000 	 0.000000 	 -0.447173 	 0.000000 
-6.271618 	 0.372473 	 3.104923 	 0.000000 	 0.000000 	 0.000000 	 -0.578784 	 0.000000 
-2.310921 	 3.114836 	 1.051090 	 0.000000 	 0.000000 	 0.000000 	 -0.643716 	 0.000000 
3.748217 	 4.974884 	 -2.460038 	 0.000000 	 0.000000 	 0.000000 	 -0.589258 	 0.000000 
-0.609738 	 -4.443614 	 -8.441538 	 0.000000 	 0.000000 	 0.000000 	 -0.493119 	 0.000000 
6.819138 	 1.097324 	 -3.945947 	 0.000000 	 0.000000 	 0.000000 	 -0.526471 	 0.000000 
8.478650 	 -2.694055 	 1.798900 	 0.000000 	 0.000000 	 0.000000 	 -0.470860 	 0.000000 
-5.820387 	 0.778267 	 -1.024259 	 0.000000 	 0.000000 	 0.000000 	 -0.583729 	 0.000000 
-7.725107 	 -2.035185 	 -5.789645 	 0.000000 	 0.000000 	 0.000000 	 -0.455349 	 0.000000 
-4.365029 	 -7.274513 	 -0.085068 	 0.000000 	 0.000000 	 0.000000 	 -0.511088 	 0.000000 
-2.025711 	 -0.623530 	 9.333742 	 0.000000 	 0.000000 	 0.000000 	 -0.456805 	 0.000000 
-5.784692 	 -1.022176 	 -7.011942 	 0.000000 	 0.000000 	 0.000000 	 -0.495197 	 0.000000 
0.883287 	 4.377996 	 3.251200 	 0.000000 	 0.000000 	 0.000000 	 -0.603474 	 0.000000 
3.168962 	 8.163269 	 -1.513789 	 0.000000 	 0.000000 	 0.000000 	 -0.491186 	 0.000000 
-1.437750 	 -2.575064 	 4.353195 	 0.000000 	 0.000000 	 0.000000 	 -0.619674 	 0.000000 
1.284759 	 -8.064696 	 -1.368230 	 0.000000 	 0.000000 	 0.000000 	 -0.509591 	 0.000000 
0.288893 	 -5.647479 	 -5.271844 	 0.000000 	 0.000000 	 0.000000 	 -0.532036 	 0.000000 
-6.661040 	 -3.687104 	 5.949142 	 0.000000 	 0.000000 	 0.000000 	 -0.472204 	 0.000000 
0.754401 	 1.085301 	 -2.973986 	 0.000000 	 0.000000 	 0.000000 	 -0.656392 	 0.000000 
5.292472 	 5.514713 	 3.502169 	 0.000000 	 0.000000 	 0.000000 	 -0.518790 	 0.000000 
-3.444704 	 2.569334 	 -7.440243 	 0.000000 	 0.000000 	 0.000000 	 -0.510977 	 0.000000 
4.062984 	 4.404456 	 5.088463 	 0.000000 	 0.000000 	 0.000000 	 -0.545937 	 0.000000 
-3.539903 	 2.738503 	 2.324806 	 0.000000 	 0.000000 	 0.000000 	 -0.617736 	 0.000000 
-4.270237 	 -3.000366 	 -1.265326 	 0.000000 	 0.000000 	 0.000000 	 -0.595180 	 0.000000 
-6.904878 	 -4.576245 	 1.506064 	 0.000000 	 0.000000 	 0.000000 	 -0.512526 	 0.000000 
-3.993413 	 6.917659 	 -3.722564 	 0.000000 	 0.000000 	 0.000000 	 -0.507826 	 0.000000 
-1.199242 	 -3.473844 	 6.018908 	 0.000000 	 0.000000 	 0.000000 	 -0.553638 	 0.000000 
5.558208 	 -0.882263 	 6.827716 	 0.000000 	 0.000000 	 0.000000 	 -0.488448 	 0.000000 
-2.596579 	 4.929437 	 -7.975849 	 0.000000 	 0.000000 	 0.000000 	 -0.460417 	 0.000000 
-5.213717 	 -2.063039 	 2.172656 	 0.000000 	 0.000000 	 0.000000 	 -0.604806 	 0.000000 
-4.938573 	 -5.809606 	 5.372519 	 0.000000 	 0.000000 	 0.000000 	 -0.480492 	 0.000000 
1.804150 	 -4.066713 	 -1.460557 	 0.000000 	 0.000000 	 0.000000 	 -0.624297 	 0.000000 
0.823992 	 2.294713 	 5.943820 	 0.000000 	 0.000000 	 0.000000 	 -0.580496 	 0.000000 
-4.747975 	 1.695027 	 0.816988 	 0.000000 	 0.000000 	 0.000000 	 -0.617312 	 0.000000 
-6.021370 	 -4.364649 	 4.868004 	 0.000000 	 0.000000 	 0.000000 	 -0.506803 	 0.000000 
6.639228 	 6.167798 	 -3.505468 	 0.000000 	 0.000000 	 0.000000 	 -0.466639 	 0.000000 
-0.744624 	 -5.287594 	 5.854791 	 0.000000 	 0.000000 	 0.000000 	 -0.521303 	 0.000000 
-1.798725 	 -3.505253 	 -6.703156 	 0.000000 	 0.000000 	 0.000000 	 -0.551351 	 0.000000 
6.628903 	 -1.440669 	 -1.625413 	 0.000000 	 0.000000 	 0.000000 	 -0.546240 	 0.000000 
5.800193 	 8.078935 	 0.151124 	 0.000000 	 0.000000 	 0.000000 	 -0.450610 	 0.000000 
4.397676 	 -6.856216 	 0.128217 	 0.000000 	 0.000000 	 0.000000 	 -0.510567 	 0.000000 
2.752932 	 -1.981645 	 -8.770021 	 0.000000 	 0.000000 	 0.000000 	 -0.468206 	 0.000000 
-4.206752 	 -0.825647 	 3.481535 	 0.000000 	 0.000000 	 0.000000 	 -0.629852 	 0.000000 
5.434846 	 5.706168 	 5.459802 	 0.000000 	 0.000000 	 0.000000 	 -0.468077 	 0.000000 
-4.741033 	 1.371313 	 2.279948 	 0.000000 	 0.000000 	 0.000000 	 -0.618674 	 0.000000 
7.911711 	 5.716767 	 -0.232967 	 0.000000 	 0.000000 	 0.000000 	 -0.452397 	 0.000000 
5.572915 	 -6.151276 	 -4.355651 	 0.000000 	 0.000000 	 0.000000 	 -0.471662 	 0.000000 
-0.003765 	 4.509092 	 -1.153682 	 0.000000 	 0.000000 	 0.000000 	 -0.634351 	 0.000000 
-2.014477 	 -6.571935 	 -3.954494 	 0.000000 	 0.000000 	 0.000000 	 -0.529537 	 0.000000 
3.431084 	 9.132502 	 0.534797 	 0.000000 	 0.000000 	 0.000000 	 -0.455814 	 0.000000 
-6.734648 	 0.304107 	 -1.193040 	 0.000000 	 0.000000 	 0.000000 	 -0.558975 	 0.000000 
0.049508 	 -3.426682 	 -1.683258 	 0.000000 	 0.000000 	 0.000000 	 -0.659076 	 0.000000 
-6.053137 	 -1.438084 	 0.568526 	 0.000000 	 0.000000 	 0.000000 	 -0.584150 	 0.000000 
-3.821567 	 -2.433628 	 -5.185919 	 0.000000 	 0.000000 	 0.000000 	 -0.566251 	 0.000000 
3.983657 	 -2.244627 	 1.276842 	 0.000000 	 0.000000 	 0.000000 	 -0.620410 	 0.000000 
-1.292807 	 -4.332240 	 -8.443920 	 0.000000 	 0.000000 	 0.000000 	 -0.480721 	 0.000000 
-4.230655 	 1.443541 	 -1.910770 	 0.000000 	 0.000000 	 0.000000 	 -0.615646 	 0.000000 
5.981606 	 2.456630 	 5.627361 	 0.000000 	 0.000000 	 0.000000 	 -0.505475 	 0.000000 
3.188644 	 -0.538818 	 3.491281 	 0.000000 	 0.000000 	 0.000000 	 -0.638574 	 0.000000 
-5.601849 	 0.295523 	 2.582378 	 0.000000 	 0.000000 	 0.000000 	 -0.604123 	 0.000000 
-3.105638 	 -2.463344 	 2.411575 	 0.000000 	 0.000000 	 0.000000 	 -0.633068 	 0.000000 
-0.559140 	 6.491798 	 -2.817137 	 0.000000 	 0.000000 	 0.000000 	 -0.569319 	 0.000000 
4.271012 	 6.967853 	 0.109875 	 0.000000 	 0.000000 	 0.000000 	 -0.526962 	 0.000000 
6.296513 	 2.437770 	 -3.261131 	 0.000000 	 0.000000 	 0.000000 	 -0.560618 	 0.000000 
-6.047160 	 -3.998440 	 3.952513 	 0.000000 	 0.000000 	 0.000000 	 -0.523700 	 0.000000 
-0.317291 	 0.905106 	 -2.423831 	 0.000000 	 0.000000 	 0.000000 	 -0.663478 	 0.000000 
-3.453249 	 4.345949 	 2.012445 	 0.000000 	 0.000000 	 0.000000 	 -0.590600 	 0.000000 
3.134704 	 -4.749670 	 -6.659527 	 0.000000 	 0.000000 	 0.000000 	 -0.498176 	 0.000000 
-5.426799 	 -2.290580 	 -4.795414 	 0.000000 	 0.000000 	 0.000000 	 -0.535990 	 0.000000 
9.583893 	 0.406462 	 -1.633757 	 0.000000 	 0.000000 	 0.000000 	 -0.451257 	 0.000000 
-9.025371 	 -3.103877 	 1.825962 	 0.000000 	 0.000000 	 0.000000 	 -0.456046 	 0.000000 
-0.442135 	 -4.667451 	 3.327609 	 0.000000 	 0.000000 	 0.000000 	 -0.603026 	 0.000000 
0.959117 	 -4.056564 	 8.571428 	 0.000000 	 0.000000 	 0.000000 	 -0.453174 	 0.000000 
-1.677383 	 2.770038 	 -0.362579 	 0.000000 	 0.000000 	 0.000000 	 -0.665460 	 0.000000 
3.911733 	 3.463159 	 4.801861 	 0.000000 	 0.000000 	 0.000000 	 -0.572559 	 0.000000 
1.012499 	 -2.246120 	 1.427297 	 0.000000 	 0.000000 	 0.000000 	 -0.665517 	 0.000000 
7.921164 	 0.892964 	 -2.486354 	 0.000000 	 0.000000 	 0.000000 	 -0.512456 	 0.000000 
-1.316891 	 -3.157427 	 1.168748 	 0.000000 	 0.000000 	 0.000000 	 -0.647818 	 0.000000 
-0.138172 	 2.850639 	 -4.922049 	 0.000000 	 0.000000 	 0.000000 	 -0.592195 	 0.000000 
7.109474 	 -5.793191 	 -0.641337 	 0.000000 	 0.000000 	 0.000000 	 -0.488275 	 0.000000 
-3.818997 	 -4.590113 	 4.744004 	 0.000000 	 0.000000 	 0.000000 	 -0.548852 	 0.000000 
3.087696 	 2.924379 	 2.112835 	 0.000000 	 0.000000 	 0.000000 	 -0.642323 	 0.000000 
1.182579 	 0.759675 	 3.944126 	 0.000000 	 0.000000 	 0.000000 	 -0.661143 	 0.000000 
7.973606 	 3.464629 	 -1.595929 	 0.000000 	 0.000000 	 0.000000 	 -0.504078 	 0.000000 
-7.087601 	 -0.746742 	 5.012663 	 0.000000 	 0.000000 	 0.000000 	 -0.519006 	 0.000000 
5.062328 	 -5.701241 	 -6.237015 	 0.000000 	 0.000000 	 0.000000 	 -0.445414 	 0.000000 
-5.485196 	 -0.923174 	 1.863535 	 0.000000 	 0.000000 	 0.000000 	 -0.620370 	 0.000000 
2.341399 	 -8.923276 	 2.264648 	 0.000000 	 0.000000 	 0.000000 	 -0.462831 	 0.000000 
-6.240975 	 4.282618 	 -4.303726 	 0.000000 	 0.000000 	 0.000000 	 -0.496560 	 0.000000 
-7.370551 	 -0.143694 	 0.313575 	 0.000000 	 0.000000 	 0.000000 	 -0.541290 	 0.000000 
-3.691988 	 1.320241 	 3.906491 	 0.000000 	 0.000000 	 0.000000 	 -0.607655 	 0.000000 
-3.027246 	 0.627854 	 4.341137 	 0.000000 	 0.000000 	 0.000000 	 -0.612948 	 0.000000 
-1.070846 	 -4.382537 	 -3.267023 	 0.000000 	 0.000000 	 0.000000 	 -0.596398 	 0.000000 
4.790504 	 -4.918010 	 3.711266 	 0.000000 	 0.000000 	 0.000000 	 -0.539583 	 0.000000 
-1.355338 	 -3.030952 	 -7.328573 	 0.000000 	 0.000000 	 0.000000 	 -0.551541 	 0.000000 
7.628732 	 3.224101 	 -1.064114 	 0.000000 	 0.000000 	 0.000000 	 -0.517186 	 0.000000 
-0.186658 	 -0.702771 	 1.193229 	 0.000000 	 0.000000 	 0.000000 	 -0.685457 	 0.000000 
2.943727 	 4.919198 	 1.775595 	 0.000000 	 0.000000 	 0.000000 	 -0.611986 	 0.000000 
-8.133720 	 -4.732023 	 2.137412 	 0.000000 	 0.000000 	 0.000000 	 -0.464040 	 0.000000 
-7.594410 	 2.068691 	 -0.736664 	 0.000000 	 0.000000 	 0.000000 	 -0.526483 	 0.000000 
-4.334011 	 -0.237879 	 4.339504 	 0.000000 	 0.000000 	 0.000000 	 -0.605931 	 0.000000 
-5.920802 	 6.052928 	 3.061540 	 0.000000 	 0.000000 	 0.000000 	 -0.489084 	 0.000000 
-3.087722 	 -4.912924 	 1.536413 	 0.000000 	 0.000000 	 0.000000 	 -0.585112 	 0.000000 
-8.964201 	 3.092018 	 3.002259 	 0.000000 	 0.000000 	 0.000000 	 -0.443183 	 0.000000 
-1.609529 	 -2.075360 	 0.739758 	 0.000000 	 0.000000 	 0.000000 	 -0.663290 	 0.000000 
2.129222 	 0.124517 	 0.400682 	 0.000000 	 0.000000 	 0.000000 	 -0.669294 	 0.000000 
-7.669564 	 -3.006125 	 5.483526 	 0.000000 	 0.000000 	 0.000000 	 -0.477706 	 0.000000 
-4.347935 	 -1.944669 	 -6.933244 	 0.000000 	 0.000000 	 0.000000 	 -0.527940 	 0.000000 
0.829650 	 -1.411589 	 -5.501555 	 0.000000 	 0.000000 	 0.000000 	 -0.604536 	 0.000000 
2.923887 	 -2.478740 	 7.094910 	 0.000000 	 0.000000 	 0.000000 	 -0.513725 	 0.000000 
-1.685798 	 5.446859 	 0.850679 	 0.000000 	 0.000000 	 0.000000 	 -0.594703 	 0.000000 
1.143918 	 1.137907 	 -6.736192 	 0.000000 	 0.000000 	 0.000000 	 -0.555973 	 0.000000 
1.898707 	 -2.138512 	 8.016942 	 0.000000 	 0.000000 	 0.000000 	 -0.492315 	 0.000000 
6.297914 	 6.864803 	 2.420895 	 0.000000 	 0.000000 	 0.000000 	 -0.467139 	 0.000000 
1.501015 	 1.693900 	 -7.470103 	 0.000000 	 0.000000 	 0.000000 	 -0.523669 	 0.000000 
0.517814 	 -5.167550 	 -1.899079 	 0.000000 	 0.000000 	 0.000000 	 -0.615396 	 0.000000 
3.665784 	 -0.427444 	 3.411312 	 0.000000 	 0.000000 	 0.000000 	 -0.629627 	 0.000000 
0.918467 	 2.960116 	 -5.133408 	 0.000000 	 0.000000 	 0.000000 	 -0.584081 	 0.000000 
-6.017888 	 4.810115 	 -3.636891 	 0.000000 	 0.000000 	 0.000000 	 -0.508891 	 0.000000 
-3.301908 	 -4.620066 	 -7.675904 	 0.000000 	 0.000000 	 0.000000 	 -0.476672 	 0.000000 
5.726983 	 -5.459171 	 -4.273397 	 0.000000 	 0.000000 	 0.000000 	 -0.484355 	 0.000000 
-1.251746 	 2.025598 	 1.942465 	 0.000000 	 0.000000 	 0.000000 	 -0.651692 	 0.000000 
2.681701 	 -6.359700 	 5.743934 	 0.000000 	 0.000000 	 0.000000 	 -0.479503 	 0.000000 
5.154595 	 3.796216 	 -2.550254 	 0.000000 	 0.000000 	 0.000000 	 -0.574101 	 0.000000 
-1.426394 	 -0.145114 	 1.771465 	 0.000000 	 0.000000 	 0.000000 	 -0.666620 	 0.000000 
2.661862 	 2.239879 	 -1.782975 	 0.000000 	 0.000000 	 0.000000 	 -0.644189 	 0.000000 
-0.440029 	 4.921999 	 -0.438002 	 0.000000 	 0.000000 	 0.000000 	 -0.627492 	 0.000000 
-4.052944 	 -8.792594 	 -1.053938 	 0.000000 	 0.000000 	 0.000000 	 -0.480073 	 0.000000 
-9.144236 	 -0.768187 	 -1.661748 	 0.000000 	 0.000000 	 0.000000 	 -0.463743 	 0.000000 
-2.115635 	 -5.117046 	 -5.392001 	 0.000000 	 0.000000 	 0.000000 	 -0.534810 	 0.000000 
0.231097 	 -2.404422 	 4.220076 	 0.000000 	 0.000000 	 0.000000 	 -0.627825 	 0.000000 
4.038569 	 -3.421665 	 3.770454 	 0.000000 	 0.000000 	 0.000000 	 -0.579933 	 0.000000 
-1.840854 	 -0.021690 	 3.988032 	 0.000000 	 0.000000 	 0.000000 	 -0.635081 	 0.000000 
-3.304683 	 -2.669171 	 0.284940 	 0.000000 	 0.000000 	 0.000000 	 -0.631967 	 0.000000 
-1.661818 	 9.082668 	 -3.684576 	 0.000000 	 0.000000 	 0.000000 	 -0.454971 	 0.000000 
-0.145067 	 1.121287 	 3.253128 	 0.000000 	 0.000000 	 0.000000 	 -0.649387 	 0.000000 
-9.864762 	 -0.330465 	 0.423531 	 0.000000 	 0.000000 	 0.000000 	 -0.441866 	 0.000000 
-4.710885 	 -1.808681 	 0.322270 	 0.000000 	 0.000000 	 0.000000 	 -0.612763 	 0.000000 
-5.139584 	 -5.682339 	 -3.941807 	 0.000000 	 0.000000 	 0.000000 	 -0.497775 	 0.000000 
-3.294354 	 5.438094 	 -3.166582 	 0.000000 	 0.000000 	 0.000000 	 -0.580658 	 0.000000 
-0.193328 	 6.261013 	 -1.481573 	 0.000000 	 0.000000 	 0.000000 	 -0.598894 	 0.000000 
-3.136089 	 6.106537 	 -1.989880 	 0.000000 	 0.000000 	 0.000000 	 -0.571889 	 0.000000 
-6.569036 	 0.360147 	 7.516104 	 0.000000 	 0.000000 	 0.000000 	 -0.454587 	 0.000000 
-3.877959 	 1.591729 	 7.250635 	 0.000000 	 0.000000 	 0.000000 	 -0.510125 	 0.000000 
-6.414996 	 6.509160 	 -1.570015 	 0.000000 	 0.000000 	 0.000000 	 -0.489797 	 0.000000 
-6.292326 	 4.882649 	 3.068677 	 0.000000 	 0.000000 	 0.000000 	 -0.507890 	 0.000000 
0.635742 	 -5.401554 	 -0.177099 	 0.000000 	 0.000000 	 0.000000 	 -0.606824 	 0.000000 
6.637871 	 -2.977371 	 6.161450 	 0.000000 	 0.000000 	 0.000000 	 -0.468497 	 0.000000 
1.222063 	 0.360496 	 4.038658 	 0.000000 	 0.000000 	 0.000000 	 -0.659258 	 0.000000 
5.171718 	 -4.634177 	 4.103681 	 0.000000 	 0.000000 	 0.000000 	 -0.530106 	 0.000000 
2.827862 	 8.336718 	 2.290034 	 0.000000 	 0.000000 	 0.000000 	 -0.494506 	 0.000000 
3.376038 	 -1.851188 	 0.932292 	 0.000000 	 0.000000 	 0.000000 	 -0.636563 	 0.000000 
2.425761 	 4.729212 	 -6.128866 	 0.000000 	 0.000000 	 0.000000 	 -0.515125 	 0.000000 
-1.209824 	 -0.327062 	 -5.621025 	 0.000000 	 0.000000 	 0.000000 	 -0.600771 	 0.000000 
-7.349355 	 2.639399 	 0.763980 	 0.000000 	 0.000000 	 0.000000 	 -0.527144 	 0.000000 
2.335086 	 8.407945 	 2.422342 	 0.000000 	 0.000000 	 0.000000 	 -0.493547 	 0.000000 
5.113065 	 2.396705 	 -6.940441 	 0.000000 	 0.000000 	 0.000000 	 -0.478976 	 0.000000 
-2.342372 	 -6.891242 	 -2.380416 	 0.000000 	 0.000000 	 0.000000 	 -0.551621 	 0.000000 
4.290369 	 -8.517638 	 -0.938901 	 0.000000 	 0.000000 	 0.000000 	 -0.459330 	 0.000000 
-3.788109 	 -4.898002 	 -3.415217 	 0.000000 	 0.000000 	 0.000000 	 -0.552738 	 0.000000 
-2.484985 	 2.699165 	 -1.499152 	 0.000000 	 0.000000 	 0.000000 	 -0.638935 	 0.000000 
-6.939920 	 5.001565 	 -4.751153 	 0.000000 	 0.000000 	 0.000000 	 -0.454314 	 0.000000 
5.600990 	 3.038359 	 0.672836 	 0.000000 	 0.000000 	 0.000000 	 -0.582668 	 0.000000 
-3.649249 	 -5.113151 	 6.621816 	 0.000000 	 0.000000 	 0.000000 	 -0.493796 	 0.000000 
-2.460516 	 -3.061223 	 -7.643693 	 0.000000 	 0.000000 	 0.000000 	 -0.543360 	 0.000000 
0.529294 	 -1.253051 	 -4.995966 	 0.000000 	 0.000000 	 0.000000 	 -0.632982 	 0.000000 
3.899830 	 6.072876 	 -0.135818 	 0.000000 	 0.000000 	 0.000000 	 -0.563342 	 0.000000 
-4.562374 	 3.501660 	 -0.797301 	 0.000000 	 0.000000 	 0.000000 	 -0.606421 	 0.000000 
7.536178 	 -5.089531 	 -3.455949 	 0.000000 	 0.000000 	 0.000000 	 -0.449302 	 0.000000 
-2.826904 	 -1.506944 	 -8.725801 	 0.000000 	 0.000000 	 0.000000 	 -0.500165 	 0.000000 
-1.511196 	 0.507048 	 4.293235 	 0.000000 	 0.000000 	 0.000000 	 -0.626733 	 0.000000 
-7.457085 	 -2.118325 	 3.895930 	 0.000000 	 0.000000 	 0.000000 	 -0.516726 	 0.000000 
6.877213 	 -3.961068 	 5.813775 	 0.000000 	 0.000000 	 0.000000 	 -0.456442 	 0.000000 
-3.297690 	 1.283305 	 -7.005228 	 0.000000 	 0.000000 	 0.000000 	 -0.545745 	 0.000000 
-3.862585 	 -0.196411 	 -6.006260 	 0.000000 	 0.000000 	 0.000000 	 -0.585600 	 0.000000 
-5.007036 	 3.257067 	 -0.027300 	 0.000000 	 0.000000 	 0.000000 	 -0.600912 	 0.000000 
-0.520022 	 -1.911210 	 -7.175085 	 0.000000 	 0.000000 	 0.000000 	 -0.554950 	 0.000000 
-0.620366 	 -3.666630 	 2.097806 	 0.000000 	 0.000000 	 0.000000 	 -0.638310 	 0.000000 
-1.839060 	 4.944435 	 6.475771 	 0.000000 	 0.000000 	 0.000000 	 -0.509510 	 0.000000 
-0.085188 	 2.272819 	 5.951386 	 0.000000 	 0.000000 	 0.000000 	 -0.578660 	 0.000000 
-8.491427 	 -0.010970 	 3.221915 	 0.000000 	 0.000000 	 0.000000 	 -0.483680 	 0.000000 
3.230842 	 1.087510 	 1.439566 	 0.000000 	 0.000000 	 0.000000 	 -0.667142 	 0.000000 
2.472122 	 -2.795465 	 -7.653985 	 0.000000 	 0.000000 	 0.000000 	 -0.509639 	 0.000000 
-1.120537 	 5.251806 	 -1.552172 	 0.000000 	 0.000000 	 0.000000 	 -0.620204 	 0.000000 
2.448775 	 0.568809 	 -5.591515 	 0.000000 	 0.000000 	 0.000000 	 -0.584570 	 0.000000 
-3.381521 	 3.960144 	 -6.034100 	 0.000000 	 0.000000 	 0.000000 	 -0.524427 	 0.000000 
-2.191363 	 -5.001571 	 7.994004 	 0.000000 	 0.000000 	 0.000000 	 -0.457878 	 0.000000 
-2.884792 	 8.998072 	 1.641291 	 0.000000 	 0.000000 	 0.000000 	 -0.459322 	 0.000000 
3.901115 	 3.522062 	 -3.090095 	 0.000000 	 0.000000 	 0.000000 	 -0.600634 	 0.000000 
2.335962 	 6.796396 	 -6.371482 	 0.000000 	 0.000000 	 0.000000 	 -0.458513 	 0.000000 
-2.665830 	 -8.570549 	 -3.146836 	 0.000000 	 0.000000 	 0.000000 	 -0.475413 	 0.000000 
-1.625805 	 -0.587814 	 -7.141457 	 0.000000 	 0.000000 	 0.000000 	 -0.565588 	 0.000000 
-0.040049 	 -4.797849 	 -1.488853 	 0.000000 	 0.000000 	 0.000000 	 -0.634723 	 0.000000 
-0.170871 	 6.669089 	 -6.825026 	 0.000000 	 0.000000 	 0.000000 	 -0.463169 	 0.000000 
-5.767987 	 -0.897506 	 4.226819 	 0.000000 	 0.000000 	 0.000000 	 -0.576695 	 0.000000 
7.107874 	 -6.094079 	 -0.640118 	 0.000000 	 0.000000 	 0.000000 	 -0.482462 	 0.000000 
5.801768 	 -0.538412 	 -3.006442 	 0.000000 	 0.000000 	 0.000000 	 -0.572657 	 0.000000 
-4.180620 	 -2.530601 	 0.371885 	 0.000000 	 0.000000 	 0.000000 	 -0.618289 	 0.000000 
-3.305336 	 1.426017 	 -5.605330 	 0.000000 	 0.000000 	 0.000000 	 -0.579783 	 0.000000 
-2.163369 	 -1.062368 	 -8.321948 	 0.000000 	 0.000000 	 0.000000 	 -0.536839 	 0.000000 
1.477462 	 3.782721 	 5.145567 	 0.000000 	 0.000000 	 0.000000 	 -0.569893 	 0.000000 
-7.766929 	 -5.475380 	 2.866670 	 0.000000 	 0.000000 	 0.000000 	 -0.455051 	 0.000000 
5.168959 	 5.161932 	 -3.102882 	 0.000000 	 0.000000 	 0.000000 	 -0.544707 	 0.000000 
4.723839 	 5.343136 	 -1.080941 	 0.000000 	 0.000000 	 0.000000 	 -0.563650 	 0.000000 
0.500896 	 -1.989124 	 1.328794 	 0.000000 	 0.000000 	 0.000000 	 -0.671262 	 0.000000 
-7.842260 	 3.057898 	 -3.996137 	 0.000000 	 0.000000 	 0.000000 	 -0.474090 	 0.000000 
8.380317 	 4.109124 	 -2.533736 	 0.000000 	 0.000000 	 0.000000 	 -0.463508 	 0.000000 
6.188587 	 0.538662 	 -4.362136 	 0.000000 	 0.000000 	 0.000000 	 -0.535527 	 0.000000 
-4.139791 	 2.022599 	 -1.734760 	 0.000000 	 0.000000 	 0.000000 	 -0.615690 	 0.000000 
3.017027 	 -6.160714 	 3.707875 	 0.000000 	 0.000000 	 0.000000 	 -0.528982 	 0.000000 
4.976634 	 6.825197 	 -1.101580 	 0.000000 	 0.000000 	 0.000000 	 -0.512373 	 0.000000 
0.332837 	 5.230956 	 5.556399 	 0.000000 	 0.000000 	 0.000000 	 -0.529646 	 0.000000 
3.046246 	 1.476805 	 -3.818687 	 0.000000 	 0.000000 	 0.000000 	 -0.614363 	 0.000000 
-2.038855 	 -9.033777 	 -3.576406 	 0.000000 	 0.000000 	 0.000000 	 -0.458239 	 0.000000 
5.281806 	 -2.206024 	 -7.962191 	 0.000000 	 0.000000 	 0.000000 	 -0.446225 	 0.000000 
-2.644520 	 3.834024 	 0.045113 	 0.000000 	 0.000000 	 0.000000 	 -0.635048 	 0.000000 
-2.419052 	 -6.399115 	 -2.328515 	 0.000000 	 0.000000 	 0.000000 	 -0.566565 	 0.000000 
-1.326480 	 -2.715019 	 -7.912770 	 0.000000 	 0.000000 	 0.000000 	 -0.533492 	 0.000000 
-0.307709 	 -8.088666 	 1.074637 	 0.000000 	 0.000000 	 0.000000 	 -0.535685 	 0.000000 
3.334146 	 0.510158 	 7.978212 	 0.000000 	 0.000000 	 0.000000 	 -0.490775 	 0.000000 
-3.657107 	 -0.906063 	 3.660742 	 0.000000 	 0.000000 	 0.000000 	 -0.629147 	 0.000000 
-1.796442 	 0.743283 	 -2.991959 	 0.000000 	 0.000000 	 0.000000 	 -0.640968 	 0.000000 
-0.404182 	 -8.364000 	 1.221828 	 0.000000 	 0.000000 	 0.000000 	 -0.528082 	 0.000000 
6.566162 	 -5.100490 	 5.149830 	 0.000000 	 0.000000 	 0.000000 	 -0.463626 	 0.000000 
